# 20191011
# Using the Keysight SG and the new IF switch (amplifier only).
#
#lo_ghz dbm pll_if_power pa_0 pa_1
75.000 -10.30 -1.541 2.000 2.000
75.250  -7.60 -1.606 2.000 2.000
75.500  -2.70 -1.593 2.000 2.000
75.750  -2.10 -1.571 2.000 2.000
76.000  -2.30 -1.512 2.000 2.000
76.250  -4.85 -1.515 2.000 2.000
76.500  -5.60 -1.576 2.000 2.000
76.750  -7.95 -1.721 2.000 2.000
77.000  -6.50 -1.582 2.000 2.000
77.250 -10.12 -1.551 1.975 2.000
77.500  -9.15 -1.580 1.950 2.000
77.750  -7.98 -1.699 1.925 2.000
78.000  -5.80 -2.635 1.900 2.000
78.250  -7.88 -1.585 1.850 1.975
78.500  -9.75 -1.660 1.800 1.950
78.750 -10.63 -1.654 1.750 1.925
79.000 -10.70 -1.575 1.700 1.900
79.250  -7.88 -1.554 1.600 1.800
79.500  -4.05 -1.510 1.500 1.700
79.750  -0.02 -1.074 1.700 1.450
80.000   0.00 -0.660 1.900 1.200
80.250  -0.10 -0.961 1.500 1.550
80.500  -1.10 -1.532 1.100 1.900
80.750  -0.45 -1.538 1.213 1.475
81.000  -3.20 -1.503 1.400 1.600
81.250  -2.95 -1.607 1.300 1.550
81.500  -4.10 -1.541 1.200 1.500
81.750  -4.45 -1.694 1.200 1.450
82.000  -3.00 -1.588 1.200 1.400
82.250  -2.62 -1.596 1.300 1.475
82.500  -1.85 -1.522 1.400 1.550
82.750  -3.67 -1.615 1.500 1.625
83.000  -5.50 -1.657 1.600 1.700
83.250  -7.05 -1.615 1.525 1.750
83.500  -6.40 -1.586 1.450 1.800
83.750  -4.05 -1.572 1.375 1.850
84.000  -0.10 -0.901 1.300 1.900
84.750  -0.10 -0.972 1.750 1.825
85.000  -0.10 -1.579 1.900 1.800
85.250  -1.80 -1.599 1.825 1.800
85.500  -0.90 -1.529 1.750 1.800
85.750  -1.50 -1.576 1.675 1.800
86.000  -2.50 -1.595 1.600 1.800
86.250  -4.12 -1.660 1.600 1.725
86.500  -3.95 -1.562 1.600 1.650
86.750  -5.08 -1.502 1.600 1.575
87.000  -5.20 -1.559 1.600 1.500
87.250  -6.50 -1.596 1.575 1.600
87.500  -5.60 -1.671 1.550 1.700
87.750  -4.80 -1.566 1.525 1.800
88.000  -2.20 -1.593 1.500 1.900
88.250  -0.00 -0.691 1.400 1.850
