# 20191011
# Using the Keysight SG and the new IF switch (amplifier only),
# with the B7 cable for the harmonic mixer.
#
#lo_ghz dbm pll_if_power pa_0 pa_1
221.000 -11.90 -1.515 2.500 2.498
221.250 -13.55 -1.576 2.489 2.498
221.500 -14.00 -1.501 2.498 2.498
221.750 -13.73 -1.620 2.405 2.493
222.250 -14.28 -1.601 2.496 2.498
222.500 -15.30 -1.604 2.201 2.273
222.750 -15.05 -1.602 2.265 2.297
223.250 -15.65 -1.564 2.210 2.307
223.500 -13.90 -1.581 2.013 2.126
223.750 -15.35 -1.522 2.096 2.494
224.250 -13.95 -1.685 2.241 2.381
224.500 -14.10 -1.604 2.157 2.499
224.750 -12.00 -1.588 2.220 2.484
225.000 -11.10 -1.644 2.401 2.499
225.250 -10.55 -1.602 2.496 2.497
225.500  -9.60 -1.531 2.336 2.475
225.750  -9.23 -1.518 2.206 2.379
226.250  -5.98 -1.559 2.072 2.492
226.500  -3.70 -1.519 2.256 2.465
226.750  -3.37 -1.555 1.939 2.060
227.250  -2.83 -1.561 1.943 2.438
227.500  -4.40 -1.547 2.057 1.955
227.750  -3.93 -1.534 1.902 2.071
228.250  -4.98 -1.554 2.489 2.095
228.500  -4.90 -1.569 2.496 1.906
228.750  -6.50 -1.504 2.371 2.282
229.000  -4.70 -1.555 2.284 2.500
229.250  -6.92 -1.548 2.290 1.946
229.500  -6.73 -1.566 2.188 2.078
229.750  -7.42 -1.519 2.131 2.475
230.250  -9.09 -1.534 2.079 2.308
230.500 -10.68 -1.511 2.095 2.499
230.750  -9.97 -1.538 2.160 2.488
231.250 -10.54 -1.596 2.163 2.424
231.500 -10.22 -1.601 2.022 2.497
231.750 -11.54 -1.525 2.028 2.203
232.250 -10.67 -1.517 2.089 2.482
232.500  -9.88 -1.607 2.232 2.496
232.750  -9.19 -1.632 2.106 2.030
233.000  -8.10 -1.589 2.039 2.496
233.250  -8.00 -1.527 2.486 2.488
233.500  -7.70 -1.561 2.463 2.137
233.750  -6.28 -1.553 2.165 2.301
234.250  -6.93 -1.561 2.433 2.491
234.500  -6.40 -1.506 2.499 2.449
234.750  -8.10 -1.559 2.323 2.491
235.250  -8.30 -1.649 2.488 2.490
235.500  -9.60 -1.583 2.299 1.968
235.750  -9.40 -1.587 2.163 2.499
236.250 -10.40 -1.504 1.837 1.861
236.500 -10.80 -1.510 1.843 2.114
236.750 -11.35 -1.560 1.854 2.498
237.000  -8.90 -1.512 2.032 2.490
237.250 -11.00 -1.637 1.879 2.042
237.500  -9.10 -1.562 1.843 2.495
237.750  -8.95 -1.540 2.243 2.497
238.250  -5.85 -1.638 1.867 2.497
238.500  -5.70 -1.587 2.012 2.494
238.750  -2.67 -1.585 2.309 2.492
239.250  -0.22 -1.511 1.919 2.497
239.500  -0.00 -0.729 2.094 2.494
239.750  -0.10 -1.132 1.979 2.129
240.250  -0.10 -1.164 1.730 2.496
240.500  -0.10 -1.004 1.714 2.180
240.750  -0.10 -0.935 1.643 1.874
241.000  -0.10 -1.158 1.613 2.420
241.250  -0.00 -1.523 2.154 2.493
241.500  -1.40 -1.500 1.666 2.046
241.750  -0.55 -1.513 1.653 2.496
242.250  -0.90 -1.502 1.746 2.352
242.500  -0.40 -1.507 1.773 2.483
242.750  -2.90 -1.546 1.770 2.497
243.250  -2.30 -1.531 1.858 2.455
243.500  -3.20 -1.559 2.027 2.244
243.750  -2.65 -1.535 2.490 2.497
244.250  -4.85 -1.501 1.837 2.083
244.500  -5.00 -1.539 2.084 2.102
244.750  -5.55 -1.539 2.106 2.214
245.000  -3.30 -1.508 1.520 1.943
245.250  -6.88 -1.538 1.698 2.107
245.500  -6.06 -1.586 2.494 2.192
245.750  -5.69 -1.634 1.490 2.134
246.250  -3.96 -1.512 1.738 2.314
246.500  -4.99 -1.638 1.941 2.492
246.750  -4.25 -1.615 1.786 2.440
247.250  -4.96 -1.625 2.499 2.443
247.500  -4.01 -1.510 1.750 2.488
247.750  -4.97 -1.556 1.894 2.500
248.250  -5.58 -1.512 2.152 2.493
248.500  -6.24 -1.612 1.590 2.191
248.750  -6.22 -1.541 1.886 2.261
249.000  -7.00 -1.563 2.495 2.252
249.250  -7.42 -1.575 1.692 2.191
249.500  -8.04 -1.553 1.594 2.101
249.750  -8.24 -1.606 2.143 2.153
250.250  -8.33 -1.638 1.600 1.973
250.500  -6.83 -1.573 1.782 2.133
250.750  -6.63 -1.585 2.160 2.214
251.250  -4.82 -1.529 1.765 2.166
251.500  -4.02 -1.521 2.490 2.213
251.750  -1.83 -1.519 2.049 2.196
252.250  -0.05 -0.681 2.114 2.379
253.250   0.00 -0.608 2.076 2.129
253.500  -0.09 -0.658 2.061 2.106
253.750  -0.10 -0.933 1.795 1.818
254.250  -0.41 -1.509 1.926 2.002
254.500  -1.58 -1.592 1.763 1.983
254.750  -1.78 -1.526 1.806 1.676
255.250  -3.17 -1.570 1.687 2.086
255.500  -3.17 -1.535 1.681 1.891
255.750  -3.62 -1.669 1.848 1.863
256.250  -2.91 -1.575 1.636 2.292
256.500  -2.16 -1.503 1.748 2.063
256.750  -2.23 -1.652 1.815 2.172
257.000  -2.90 -1.504 1.756 2.291
257.250  -2.62 -1.517 1.859 2.008
257.500  -3.35 -1.559 2.110 2.048
257.750  -3.25 -1.590 2.111 2.000
258.250  -4.65 -1.611 2.138 1.870
258.500  -4.55 -1.595 2.222 2.003
258.750  -5.48 -1.568 1.782 1.965
259.250  -5.33 -1.636 1.799 1.707
259.500  -5.05 -1.599 1.854 1.860
259.750  -4.70 -1.539 1.472 1.939
260.250  -4.70 -1.637 1.792 1.878
260.500  -5.65 -1.579 1.838 1.942
260.750  -4.58 -1.534 1.765 2.046
261.000  -3.30 -1.526 1.937 1.895
261.250  -4.60 -1.591 2.288 1.851
261.500  -4.90 -1.547 1.894 1.945
261.750  -6.90 -1.534 1.911 2.029
262.250  -6.70 -1.593 1.995 1.809
262.500  -6.10 -1.533 1.708 1.889
262.750  -4.33 -1.518 1.735 1.983
263.250  -3.57 -1.523 1.926 1.832
263.500  -4.20 -1.628 1.698 1.724
263.750  -3.98 -1.629 1.814 2.029
264.250  -1.82 -1.551 1.785 1.736
264.500  -0.10 -1.027 1.660 1.806
264.750   0.00 -0.710 1.873 1.845
