#lo_ghz dbm pll_if_power pa_0 pa_1
221.000  -9.00 -1.549 2.500 2.498
221.200  -8.39 -1.545 2.491 2.496
221.400  -9.28 -1.519 2.493 2.484
221.600 -10.26 -1.564 2.200 2.496
221.800  -9.95 -1.541 2.407 2.492
222.000  -9.83 -1.619 2.497 2.488
222.200 -10.85 -1.584 2.494 2.490
222.400 -10.96 -1.503 2.306 2.434
222.600 -10.44 -1.516 2.097 2.151
222.800 -10.67 -1.577 2.232 2.447
223.000 -11.11 -1.554 2.250 2.498
223.200  -9.94 -1.502 2.243 2.343
223.400  -9.47 -1.507 1.962 2.110
223.600 -10.61 -1.523 1.946 2.148
223.800 -10.94 -1.567 2.028 2.485
224.000  -9.58 -1.516 2.198 2.489
224.200  -9.36 -1.506 2.152 2.326
224.400 -10.45 -1.615 2.175 2.389
224.600  -9.67 -1.529 2.120 2.489
224.800  -7.24 -1.628 2.310 2.470
225.000  -7.10 -1.555 2.441 2.489
225.200  -8.41 -1.500 2.499 2.485
225.400  -7.42 -1.531 2.479 2.491
225.600  -5.58 -1.587 2.347 2.489
225.800  -6.01 -1.553 2.143 2.234
226.000  -7.33 -1.579 2.144 2.185
226.200  -5.97 -1.529 2.069 2.495
226.400  -4.20 -1.543 2.220 2.491
226.600  -4.83 -1.529 2.305 2.182
226.800  -6.24 -1.526 1.974 2.076
227.000  -5.65 -1.512 1.975 2.156
227.200  -5.37 -1.583 1.975 2.409
227.400  -6.98 -1.540 2.347 2.015
227.600  -8.13 -1.521 1.989 1.964
227.800  -7.20 -1.546 2.011 2.090
228.000  -6.78 -1.528 2.071 2.500
228.200  -7.40 -1.628 2.349 2.153
228.400  -7.73 -1.628 2.499 1.894
228.600  -7.27 -1.599 2.497 1.953
228.800  -7.54 -1.561 2.498 2.437
229.000  -7.80 -1.558 2.412 2.480
229.200  -7.32 -1.613 2.364 1.967
229.400  -7.04 -1.550 2.355 1.933
229.600  -7.46 -1.590 2.236 2.421
229.800  -7.68 -1.518 2.302 2.490
230.000  -7.60 -1.500 2.495 2.205
230.200  -8.49 -1.527 2.198 2.215
230.400  -9.38 -1.564 2.283 2.499
230.600  -8.77 -1.512 2.307 2.485
230.800  -7.86 -1.523 2.467 2.261
231.000  -8.35 -1.600 2.245 2.115
231.200  -8.94 -1.526 2.291 2.254
231.400  -8.03 -1.575 2.082 2.481
231.600  -7.78 -1.522 2.062 2.487
231.800  -8.79 -1.598 1.925 1.997
232.000  -9.20 -1.565 1.985 1.939
232.200  -7.60 -1.598 2.086 2.497
232.400  -6.70 -1.573 2.148 2.496
232.600  -7.24 -1.537 2.098 2.100
232.800  -7.32 -1.569 2.093 1.994
233.000  -6.00 -1.557 2.048 2.466
233.200  -5.34 -1.588 2.334 2.484
233.400  -5.49 -1.517 2.492 2.481
233.600  -4.71 -1.548 2.095 1.975
233.800  -3.32 -1.570 2.221 2.367
234.000  -3.02 -1.535 2.132 2.494
234.200  -3.42 -1.577 2.489 2.500
234.400  -3.41 -1.558 2.482 2.378
234.600  -3.34 -1.575 2.454 2.280
234.800  -3.69 -1.516 2.218 2.499
235.000  -3.75 -1.538 2.256 2.493
235.200  -4.01 -1.548 2.494 2.485
235.400  -4.66 -1.512 2.380 2.036
235.600  -5.25 -1.536 2.313 2.000
235.800  -5.16 -1.563 2.175 2.496
236.000  -5.58 -1.555 2.203 2.491
236.200  -6.32 -1.588 1.930 1.880
236.400  -6.17 -1.621 1.872 1.826
236.600  -5.47 -1.551 1.897 2.499
236.800  -6.14 -1.534 1.915 2.485
237.000  -7.70 -1.545 2.130 2.480
237.200  -7.37 -1.589 2.015 1.982
237.400  -6.14 -1.544 1.871 2.416
237.600  -6.14 -1.508 1.940 2.472
237.800  -6.49 -1.548 2.488 2.496
238.000  -4.73 -1.514 2.309 2.500
238.200  -2.87 -1.514 2.067 2.427
238.400  -3.22 -1.553 1.972 2.481
238.600  -4.47 -1.522 2.482 2.493
238.800  -3.04 -1.554 2.490 2.491
239.000  -1.31 -1.523 2.371 2.342
239.200  -1.47 -1.538 2.105 2.432
239.400  -2.34 -1.504 2.114 2.493
239.600  -1.33 -1.540 2.134 2.452
239.800  -1.06 -1.533 2.127 2.064
240.000  -2.88 -1.545 2.041 2.126
240.200  -4.38 -1.535 1.824 2.497
240.400  -3.49 -1.525 1.940 2.495
240.600  -2.63 -1.619 1.723 1.942
240.800  -3.52 -1.519 1.692 1.906
241.000  -4.10 -1.531 1.691 2.410
241.200  -3.77 -1.537 2.491 2.490
241.400  -3.74 -1.528 1.869 2.119
241.600  -3.87 -1.541 1.841 2.214
241.800  -3.06 -1.586 1.839 2.492
242.000  -2.35 -1.502 2.484 2.495
242.200  -2.27 -1.582 2.003 2.490
242.400  -2.59 -1.527 1.915 2.495
242.600  -2.76 -1.547 1.919 2.498
242.800  -3.48 -1.534 1.995 2.499
243.000  -4.00 -1.571 2.012 2.491
243.200  -3.22 -1.506 1.881 2.500
243.400  -2.44 -1.503 2.044 2.244
243.600  -3.33 -1.546 2.175 2.429
243.800  -3.99 -1.600 2.451 2.497
244.000  -3.05 -1.587 1.845 2.496
244.200  -2.96 -1.506 1.880 2.199
244.400  -4.47 -1.527 2.072 2.108
244.600  -4.90 -1.505 2.491 2.231
244.800  -3.05 -1.561 1.961 2.205
245.000  -2.80 -1.532 1.599 2.012
245.200  -4.50 -1.563 1.710 2.080
245.400  -4.71 -1.596 2.262 2.265
245.600  -2.63 -1.540 2.008 2.302
245.800  -2.08 -1.529 1.468 2.121
246.000  -3.42 -1.510 1.575 2.136
246.200  -2.84 -1.504 1.704 2.368
246.400  -0.45 -1.547 1.901 2.493
246.600  -0.21 -1.512 1.698 2.449
246.800  -1.90 -1.528 1.841 2.482
247.000  -1.80 -1.504 1.993 2.495
247.200  -0.20 -1.508 2.492 2.435
247.400  -0.49 -1.548 2.197 2.483
247.600  -2.03 -1.517 1.745 2.477
247.800  -1.40 -1.608 2.156 2.494
248.000  -0.48 -1.505 2.479 2.413
248.200  -1.10 -1.564 2.494 2.454
248.400  -2.43 -1.507 1.725 2.298
248.600  -2.01 -1.520 1.640 2.140
248.800  -1.86 -1.577 2.004 2.177
249.000  -3.10 -1.564 2.485 2.203
249.200  -3.82 -1.545 1.788 2.243
249.400  -2.93 -1.563 1.502 2.008
249.600  -2.81 -1.542 1.753 2.143
249.800  -3.25 -1.600 2.267 2.130
250.000  -3.19 -1.593 1.850 2.225
250.200  -2.78 -1.586 1.676 1.998
250.400  -3.47 -1.563 1.678 2.065
250.600  -3.97 -1.610 2.172 2.214
250.800  -3.08 -1.575 2.287 2.299
251.000  -2.19 -1.528 1.745 2.217
251.200  -2.40 -1.586 1.764 2.204
251.400  -2.11 -1.568 2.167 2.357
251.600  -0.83 -1.520 2.492 2.300
251.800  -0.46 -1.581 1.987 2.270
252.000  -1.29 -1.537 1.873 2.278
252.200  -0.77 -1.547 2.058 2.465
252.400   0.45 -1.549 2.498 2.494
252.600   0.23 -1.500 2.500 2.467
252.800  -0.82 -1.544 2.016 2.207
253.000  -0.98 -1.506 2.081 2.191
253.200  -0.70 -1.563 2.257 2.339
253.400  -1.73 -1.501 2.492 2.321
253.600  -2.77 -1.596 2.041 2.244
253.800  -2.74 -1.502 1.883 1.902
254.000  -2.71 -1.510 2.049 2.050
254.200  -3.35 -1.587 2.137 2.116
254.400  -3.58 -1.552 1.832 2.181
254.600  -2.97 -1.517 1.859 1.903
254.800  -2.90 -1.581 1.854 1.822
255.000  -3.54 -1.549 2.065 1.996
255.200  -3.68 -1.533 1.812 2.115
255.400  -3.61 -1.504 1.646 2.096
255.600  -4.10 -1.547 1.807 1.872
255.800  -4.13 -1.572 1.900 1.981
256.000  -2.97 -1.524 1.925 2.129
256.200  -2.37 -1.505 1.676 2.373
256.400  -2.58 -1.530 1.760 2.147
256.600  -1.98 -1.549 1.896 2.099
256.800  -0.89 -1.592 1.939 2.190
257.000  -1.20 -1.529 1.834 2.321
257.200  -1.88 -1.582 1.890 2.051
257.400  -1.56 -1.575 2.053 2.016
257.600  -1.16 -1.519 2.201 2.080
257.800  -2.08 -1.506 1.980 2.007
258.000  -3.00 -1.541 1.897 1.992
258.200  -2.42 -1.533 2.101 1.877
258.400  -1.54 -1.552 2.100 1.948
258.600  -1.77 -1.531 2.254 1.999
258.800  -2.11 -1.530 1.680 1.973
259.000  -1.65 -1.549 1.655 1.848
259.200  -1.59 -1.578 1.788 1.682
259.400  -2.43 -1.513 1.822 1.859
259.600  -2.56 -1.521 1.697 1.933
259.800  -1.58 -1.551 1.462 1.922
260.000  -0.80 -1.530 1.570 1.774
260.200  -0.40 -1.602 1.760 1.796
260.400  -0.20 -1.552 1.870 1.897
260.600  -0.18 -1.518 1.805 2.037
260.800  -0.34 -1.519 1.778 2.039
261.000  -0.20 -1.541 1.918 1.905
261.200  -0.09 -1.506 2.226 1.899
261.400  -0.68 -1.540 1.995 1.845
261.600  -0.90 -1.577 1.867 2.016
261.800  -0.57 -1.525 1.873 2.020
262.000  -0.73 -1.533 2.026 2.024
262.200  -1.93 -1.602 2.032 1.856
262.400  -2.12 -1.544 1.823 1.826
262.600  -1.00 -1.531 1.721 1.907
262.800  -0.25 -1.523 1.756 2.031
263.000  -0.51 -1.501 2.076 2.057
263.200   0.94 -1.506 2.001 1.859
263.400   3.19 -1.514 1.770 1.769
263.600   2.35 -1.527 1.729 1.777
263.800   0.14 -1.504 1.848 1.962
264.000   0.52 -1.501 1.997 1.843
264.200   1.84 -1.523 1.855 1.738
264.400   1.85 -1.525 1.771 1.701
264.600   2.11 -1.563 1.645 1.818
264.800   5.30 -1.535 1.959 1.793
265.000   7.00 -1.079 1.842 1.758
265.000   7.00 -1.075 1.842 1.758
