# 20191022 B6
# Using the Keysight SG and the new IF switch (amplifier only),
# with the B7 cable for the harmonic mixer.
# High-resolution scan with max power of +4.7 dBm.
#
#lo_ghz dbm pll_if_power pa_0 pa_1
221.000 -11.20 -1.667 2.490 2.488
221.100 -11.46 -1.596 2.496 2.492
221.200 -12.12 -1.568 2.491 2.447
221.300 -13.04 -1.561 2.497 2.490
221.400 -13.22 -1.572 2.493 2.494
221.500 -12.70 -1.567 2.498 2.498
221.600 -12.39 -1.607 2.328 2.496
221.700 -12.58 -1.508 2.343 2.494
221.800 -13.18 -1.535 2.496 2.492
221.900 -13.99 -1.639 2.491 2.500
222.000 -14.20 -1.608 2.497 2.488
222.100 -13.71 -1.731 2.491 2.494
222.200 -13.32 -1.559 2.494 2.471
222.300 -13.18 -1.558 2.498 2.496
222.400 -13.79 -1.553 2.374 2.473
222.500 -14.60 -1.574 2.221 2.293
222.600 -14.80 -1.529 2.156 2.191
222.700 -14.30 -1.501 2.229 2.216
222.800 -13.61 -1.586 2.331 2.496
222.900 -13.23 -1.622 2.334 2.492
223.000 -13.65 -1.532 2.338 2.498
223.100 -14.37 -1.560 2.457 2.484
223.200 -14.69 -1.549 2.341 2.402
223.300 -14.10 -1.650 2.137 2.251
223.400 -13.50 -1.517 2.041 2.140
223.500 -13.30 -1.528 2.023 2.136
223.600 -13.68 -1.501 2.044 2.167
223.700 -14.26 -1.511 2.085 2.464
223.800 -14.71 -1.538 2.126 2.495
223.900 -14.53 -1.561 2.177 2.497
224.000 -13.75 -1.619 2.316 2.499
224.100 -13.37 -1.510 2.278 2.422
224.200 -13.29 -1.664 2.250 2.395
224.300 -13.78 -1.523 2.262 2.426
224.400 -13.84 -1.526 2.234 2.458
224.500 -13.40 -1.620 2.167 2.499
224.600 -12.36 -1.680 2.149 2.489
224.700 -11.72 -1.537 2.190 2.489
224.800 -11.42 -1.582 2.319 2.499
224.900 -11.56 -1.588 2.380 2.499
225.000 -11.60 -1.711 2.480 2.499
225.100 -11.18 -1.701 2.494 2.492
225.200 -10.56 -1.519 2.499 2.495
225.300  -9.76 -1.509 2.494 2.488
225.400  -9.48 -1.610 2.420 2.482
225.500  -9.60 -1.592 2.326 2.494
225.600  -9.75 -1.542 2.308 2.499
225.700  -9.20 -1.540 2.299 2.494
225.800  -7.91 -1.648 2.143 2.283
225.900  -6.76 -1.586 2.143 2.200
226.000  -6.11 -1.516 2.144 2.244
226.100  -5.76 -1.524 2.072 2.335
226.200  -5.51 -1.603 2.059 2.495
226.300  -4.92 -1.534 2.115 2.488
226.400  -3.81 -1.654 2.180 2.491
226.500  -3.00 -1.532 2.275 2.484
226.600  -2.47 -1.642 2.266 2.221
226.700  -2.74 -1.553 1.992 2.104
226.800  -3.02 -1.593 1.954 2.095
226.900  -3.11 -1.561 1.965 2.145
227.000  -2.60 -1.530 1.907 2.215
227.100  -2.19 -1.595 1.882 2.283
227.200  -2.08 -1.631 1.896 2.478
227.300  -2.54 -1.507 2.068 2.330
227.400  -3.17 -1.555 2.239 2.064
227.500  -3.50 -1.549 2.067 1.985
227.600  -3.41 -1.527 1.921 2.023
227.700  -2.82 -1.696 1.892 2.071
227.800  -2.93 -1.603 1.952 2.159
227.900  -3.24 -1.552 2.011 2.334
228.000  -3.95 -1.619 2.012 2.500
228.100  -4.36 -1.556 2.058 2.483
228.200  -4.27 -1.592 2.319 2.251
228.300  -3.96 -1.626 2.483 2.067
228.400  -3.93 -1.656 2.499 1.943
228.500  -4.50 -1.566 2.496 1.936
228.600  -5.24 -1.545 2.458 2.002
228.700  -5.68 -1.520 2.449 2.165
228.800  -5.74 -1.559 2.381 2.496
228.900  -5.52 -1.528 2.303 2.493
229.000  -5.40 -1.501 2.353 2.500
229.100  -5.69 -1.553 2.491 2.125
229.200  -6.08 -1.515 2.364 2.006
229.300  -6.48 -1.535 2.344 1.945
229.400  -6.41 -1.519 2.276 1.963
229.500  -6.03 -1.659 2.208 2.108
229.600  -6.01 -1.605 2.158 2.480
229.700  -6.38 -1.555 2.146 2.500
229.800  -7.09 -1.511 2.194 2.499
229.900  -7.82 -1.538 2.428 2.489
230.000  -8.05 -1.618 2.495 2.293
230.100  -8.19 -1.561 2.278 2.254
230.200  -8.32 -1.615 2.129 2.273
230.300  -8.91 -1.510 2.147 2.460
230.400  -9.54 -1.533 2.165 2.469
230.500  -9.98 -1.632 2.183 2.499
230.600 -10.10 -1.501 2.219 2.495
230.700  -9.51 -1.572 2.284 2.481
230.800  -9.23 -1.532 2.497 2.320
230.900  -9.14 -1.686 2.493 2.110
231.000  -9.65 -1.553 2.294 2.155
231.100  -9.87 -1.511 2.351 2.170
231.200 -10.08 -1.535 2.360 2.303
231.300  -9.88 -1.540 2.270 2.495
231.400  -9.85 -1.580 2.131 2.491
231.500 -10.02 -1.648 2.071 2.497
231.600 -10.65 -1.574 2.130 2.497
231.700 -11.08 -1.556 2.160 2.340
231.800 -11.05 -1.508 2.013 2.036
231.900 -10.68 -1.538 1.994 1.938
232.000 -10.31 -1.556 2.073 1.978
232.100 -10.13 -1.523 2.168 2.154
232.200 -10.26 -1.624 2.203 2.497
232.300 -10.51 -1.619 2.180 2.487
232.400 -10.30 -1.594 2.354 2.496
232.500  -9.78 -1.520 2.478 2.496
232.600  -9.20 -1.536 2.313 2.169
232.700  -9.13 -1.550 2.296 2.008
232.800  -9.27 -1.595 2.259 2.043
232.900  -9.44 -1.609 2.183 2.167
233.000  -9.40 -1.514 2.156 2.496
233.100  -8.76 -1.562 2.304 2.495
233.200  -8.12 -1.562 2.491 2.494
233.300  -7.84 -1.616 2.462 2.492
233.400  -7.72 -1.592 2.482 2.481
233.500  -7.70 -1.524 2.473 2.108
233.600  -7.43 -1.509 2.301 2.014
233.700  -6.56 -1.541 2.413 2.186
233.800  -5.84 -1.561 2.476 2.416
233.900  -5.67 -1.684 2.471 2.499
234.000  -6.00 -1.621 2.417 2.494
234.100  -6.43 -1.612 2.492 2.487
234.200  -6.76 -1.596 2.449 2.500
234.300  -6.52 -1.630 2.495 2.473
234.400  -6.41 -1.546 2.482 2.417
234.500  -6.50 -1.512 2.499 2.420
234.600  -6.98 -1.572 2.464 2.309
234.700  -7.66 -1.593 2.488 2.355
234.800  -8.02 -1.530 2.433 2.499
234.900  -7.96 -1.532 2.398 2.496
235.000  -7.70 -1.516 2.481 2.493
235.100  -7.54 -1.552 2.488 2.484
235.200  -8.18 -1.565 2.465 2.495
235.300  -8.96 -1.550 2.491 2.388
235.400  -9.58 -1.536 2.488 2.026
235.500  -9.60 -1.533 2.426 1.919
235.600  -9.42 -1.582 2.342 2.000
235.700  -9.54 -1.649 2.258 2.317
235.800 -10.20 -1.533 2.214 2.496
235.900 -10.80 -1.575 2.101 2.499
236.000 -11.30 -1.583 2.242 2.491
236.100 -11.00 -1.641 2.125 2.249
236.200 -10.50 -1.510 1.949 1.880
236.300 -10.38 -1.505 1.881 1.775
236.400 -10.54 -1.508 1.882 1.836
236.500 -11.30 -1.532 1.892 2.094
236.600 -11.72 -1.590 1.926 2.489
236.700 -11.64 -1.503 1.921 2.482
236.800 -11.16 -1.513 1.955 2.494
236.900 -10.78 -1.622 2.194 2.487
237.000 -11.00 -1.554 2.189 2.480
237.100 -11.34 -1.613 2.171 2.070
237.200 -11.48 -1.695 2.064 1.982
237.300 -11.32 -1.567 1.938 2.081
237.400 -10.46 -1.569 1.910 2.445
237.500  -9.60 -1.607 1.921 2.495
237.600  -9.34 -1.579 1.960 2.482
237.700  -9.38 -1.667 2.184 2.479
237.800  -9.64 -1.560 2.488 2.496
237.900  -9.22 -1.531 2.477 2.493
238.000  -8.40 -1.522 2.300 2.490
238.100  -7.38 -1.617 2.134 2.493
238.200  -6.86 -1.613 2.018 2.417
238.300  -7.02 -1.515 1.902 2.459
238.400  -7.06 -1.562 1.893 2.491
238.500  -6.40 -1.673 2.101 2.494
238.600  -5.19 -1.607 2.482 2.483
238.700  -4.08 -1.505 2.472 2.492
238.800  -3.03 -1.688 2.402 2.491
238.900  -2.84 -1.542 2.323 2.480
239.000  -2.85 -1.592 2.224 2.313
239.100  -2.36 -1.650 2.106 2.294
239.200  -1.27 -1.591 2.017 2.393
239.300  -0.08 -1.600 1.918 2.492
239.400   0.71 -1.546 2.016 2.493
239.500   0.80 -1.592 2.182 2.494
239.600   0.26 -1.540 2.065 2.432
239.700  -0.08 -1.609 2.037 2.165
239.800   0.30 -1.510 2.068 2.054
239.900   0.80 -1.532 2.050 2.012
240.000   1.20 -1.514 1.963 2.107
240.100   1.00 -1.559 1.874 2.400
240.200   0.30 -1.628 1.765 2.497
240.300  -0.40 -1.505 1.843 2.496
240.400   0.00 -1.632 1.901 2.495
240.500   0.60 -1.542 1.733 2.131
240.600   1.30 -1.627 1.693 1.912
240.700   1.10 -1.511 1.683 1.841
240.800   0.30 -1.532 1.653 1.877
240.900  -0.50 -1.604 1.623 2.070
241.000  -0.70 -1.523 1.642 2.371
241.100  -0.36 -1.623 1.772 2.494
241.200  -0.22 -1.532 2.285 2.500
241.300  -0.38 -1.542 2.052 2.329
241.400  -1.14 -1.562 1.761 2.070
241.500  -2.00 -1.553 1.715 2.017
241.600  -2.06 -1.575 1.724 2.185
241.700  -1.12 -1.644 1.693 2.471
241.800  -0.18 -1.599 1.692 2.453
241.900   0.25 -1.542 1.818 2.494
242.000  -0.02 -1.546 2.494 2.495
242.100  -0.59 -1.594 2.499 2.493
242.200  -1.06 -1.537 1.856 2.402
242.300  -0.60 -1.505 1.802 2.272
242.400  -0.30 -1.539 1.807 2.437
242.500  -0.50 -1.598 1.822 2.493
242.600  -1.60 -1.505 1.811 2.498
242.700  -2.80 -1.619 1.780 2.494
242.800  -3.74 -1.550 1.897 2.499
242.900  -3.62 -1.569 2.190 2.495
243.000  -2.80 -1.514 1.943 2.491
243.100  -2.28 -1.591 1.819 2.500
243.200  -2.26 -1.569 1.871 2.500
243.300  -3.08 -1.540 1.962 2.293
243.400  -3.54 -1.514 2.053 2.175
243.500  -3.30 -1.564 2.125 2.234
243.600  -2.78 -1.553 2.165 2.351
243.700  -2.46 -1.632 2.489 2.498
243.800  -2.97 -1.516 2.471 2.497
243.900  -4.11 -1.534 2.158 2.487
244.000  -5.25 -1.516 1.864 2.496
244.100  -5.59 -1.524 1.789 2.323
244.200  -5.23 -1.521 1.860 2.111
244.300  -4.78 -1.575 1.922 2.026
244.400  -4.84 -1.552 1.993 2.010
244.500  -5.40 -1.540 2.182 2.072
244.600  -6.02 -1.586 2.481 2.133
244.700  -6.04 -1.564 2.486 2.183
244.800  -5.20 -1.681 1.863 2.126
244.900  -4.80 -1.513 1.594 2.010
245.000  -4.90 -1.604 1.550 1.924
245.100  -5.83 -1.511 1.595 1.918
245.200  -6.96 -1.507 1.661 1.992
245.300  -7.62 -1.505 1.824 2.153
245.400  -7.09 -1.507 2.144 2.177
245.500  -6.46 -1.522 2.494 2.172
245.600  -6.11 -1.518 1.969 2.214
245.700  -6.16 -1.509 1.591 2.158
245.800  -6.52 -1.512 1.478 2.062
245.900  -6.57 -1.591 1.502 2.016
246.000  -5.93 -1.505 1.605 2.077
246.100  -4.78 -1.514 1.713 2.291
246.200  -4.23 -1.567 1.743 2.310
246.300  -4.37 -1.575 1.832 2.279
246.400  -5.28 -1.504 1.989 2.434
246.500  -5.59 -1.605 1.990 2.492
246.600  -5.49 -1.506 1.777 2.400
246.700  -4.80 -1.544 1.779 2.407
246.800  -4.22 -1.586 1.900 2.443
246.900  -4.66 -1.501 1.912 2.498
247.000  -5.00 -1.681 2.022 2.495
247.100  -5.75 -1.543 2.213 2.490
247.200  -5.39 -1.612 2.463 2.396
247.300  -4.67 -1.672 2.497 2.440
247.400  -4.09 -1.563 2.128 2.474
247.500  -4.11 -1.591 1.790 2.439
247.600  -4.49 -1.657 1.726 2.467
247.700  -5.08 -1.558 1.858 2.495
247.800  -5.23 -1.537 2.097 2.494
247.900  -4.65 -1.647 2.445 2.493
248.000  -4.37 -1.627 2.499 2.413
248.100  -4.80 -1.512 2.462 2.404
248.200  -5.42 -1.540 2.484 2.454
248.300  -6.31 -1.508 1.987 2.454
248.400  -6.68 -1.525 1.715 2.308
248.500  -6.34 -1.649 1.610 2.152
248.600  -6.13 -1.520 1.660 2.160
248.700  -6.02 -1.617 1.827 2.217
248.800  -6.78 -1.592 2.043 2.187
248.900  -7.59 -1.511 2.495 2.156
249.000  -8.10 -1.523 2.495 2.233
249.100  -7.87 -1.521 2.431 2.355
249.200  -7.64 -1.505 1.827 2.243
249.300  -7.34 -1.547 1.625 2.062
249.400  -7.69 -1.656 1.541 1.998
249.500  -8.24 -1.697 1.623 2.052
249.600  -8.82 -1.501 1.822 2.134
249.700  -8.40 -1.615 2.059 2.137
249.800  -7.85 -1.577 2.365 2.111
249.900  -7.77 -1.560 2.005 2.182
250.000  -7.88 -1.655 1.850 2.215
250.100  -8.60 -1.500 1.807 2.087
250.200  -8.92 -1.521 1.646 1.968
250.300  -8.33 -1.606 1.623 1.967
250.400  -7.73 -1.571 1.648 2.026
250.500  -7.13 -1.525 1.831 2.123
250.600  -6.95 -1.548 2.094 2.165
250.700  -7.07 -1.578 2.249 2.168
250.800  -7.35 -1.501 2.169 2.250
250.900  -6.99 -1.518 1.854 2.273
251.000  -6.13 -1.631 1.686 2.178
251.100  -5.46 -1.556 1.647 2.132
251.200  -5.20 -1.505 1.725 2.145
251.300  -5.36 -1.562 1.892 2.207
251.400  -5.14 -1.629 2.128 2.259
251.500  -4.72 -1.607 2.490 2.222
251.600  -3.54 -1.533 2.492 2.192
251.700  -2.67 -1.528 2.347 2.221
251.800  -1.85 -1.601 1.987 2.181
251.900  -1.40 -1.633 1.881 2.171
252.000  -1.04 -1.561 1.912 2.210
252.100  -0.18 -1.563 1.975 2.303
252.200   1.07 -1.509 2.107 2.367
252.300   2.25 -1.556 2.386 2.430
252.400   2.86 -1.502 2.498 2.347
252.500   3.06 -1.530 2.472 2.323
252.600   3.07 -1.543 2.480 2.291
252.700   3.27 -1.604 2.116 2.131
252.800   3.58 -1.506 1.996 2.059
252.900   3.98 -1.549 1.955 2.017
253.000   3.79 -1.517 2.022 2.054
253.100   3.29 -1.555 2.150 2.162
253.200   2.60 -1.539 2.110 2.212
253.300   2.38 -1.678 2.198 2.164
253.400   2.25 -1.602 2.492 2.194
253.500   2.31 -1.550 2.100 2.135
253.600   2.01 -1.503 1.952 2.107
253.700   1.60 -1.554 1.854 1.940
253.800   0.87 -1.527 1.785 1.774
253.900   0.41 -1.513 1.804 1.824
254.000   0.45 -1.574 1.931 1.962
254.100   0.38 -1.555 2.049 2.049
254.200   0.12 -1.508 2.039 2.037
254.300  -0.34 -1.577 1.872 2.045
254.400  -1.01 -1.527 1.793 2.083
254.500  -1.48 -1.543 1.793 2.003
254.600  -1.36 -1.689 1.820 1.805
254.700  -1.44 -1.571 1.827 1.677
254.800  -1.42 -1.601 1.825 1.744
254.900  -1.90 -1.575 1.901 1.899
255.000  -2.47 -1.532 2.065 1.927
255.100  -2.85 -1.611 2.149 1.957
255.200  -2.93 -1.590 1.822 2.056
255.300  -2.87 -1.507 1.651 2.096
255.400  -2.67 -1.505 1.646 2.047
255.500  -3.07 -1.531 1.701 1.901
255.600  -3.55 -1.520 1.797 1.823
255.700  -3.53 -1.536 1.863 1.833
255.800  -3.45 -1.634 1.871 1.922
255.900  -3.21 -1.574 1.957 2.041
256.000  -2.87 -1.637 1.896 2.100
256.100  -2.92 -1.508 1.688 2.242
256.200  -2.88 -1.509 1.646 2.354
256.300  -2.86 -1.509 1.674 2.231
256.400  -2.46 -1.541 1.711 2.127
256.500  -1.96 -1.561 1.767 2.073
256.600  -1.99 -1.530 1.838 2.070
256.700  -2.12 -1.587 1.839 2.135
256.800  -2.76 -1.504 1.870 2.151
256.900  -3.03 -1.512 1.862 2.157
257.000  -2.80 -1.526 1.775 2.291
257.100  -2.29 -1.644 1.832 2.235
257.200  -2.18 -1.579 1.850 2.041
257.300  -2.37 -1.507 1.917 1.994
257.400  -2.96 -1.507 2.034 1.997
257.500  -3.15 -1.546 2.140 2.048
257.600  -3.11 -1.509 2.201 2.061
257.700  -2.97 -1.522 2.223 2.034
257.800  -2.79 -1.560 2.010 1.997
257.900  -3.07 -1.537 1.885 2.038
258.000  -3.65 -1.564 1.926 1.962
258.100  -4.13 -1.524 2.029 1.880
258.200  -4.31 -1.646 2.160 1.867
258.300  -4.33 -1.505 2.164 1.863
258.400  -4.29 -1.609 2.149 1.938
258.500  -4.75 -1.522 2.261 2.003
258.600  -5.02 -1.568 2.303 1.990
258.700  -5.39 -1.594 1.923 1.966
258.800  -5.17 -1.574 1.700 1.953
258.900  -4.84 -1.619 1.624 1.901
259.000  -4.71 -1.516 1.685 1.818
259.100  -4.68 -1.591 1.756 1.701
259.200  -5.35 -1.522 1.807 1.662
259.300  -5.47 -1.521 1.810 1.780
259.400  -5.36 -1.592 1.832 1.849
259.500  -4.85 -1.509 1.873 1.869
259.600  -4.51 -1.601 1.687 1.913
259.700  -4.47 -1.590 1.531 1.957
259.800  -5.00 -1.520 1.462 1.902
259.900  -5.10 -1.554 1.492 1.828
260.000  -5.00 -1.700 1.590 1.754
260.100  -4.90 -1.502 1.724 1.711
260.200  -4.60 -1.639 1.779 1.786
260.300  -4.89 -1.513 1.854 1.930
260.400  -5.37 -1.529 1.880 1.916
260.500  -5.75 -1.508 1.867 1.952
260.600  -5.32 -1.575 1.844 2.037
260.700  -4.49 -1.588 1.791 2.053
260.800  -3.62 -1.540 1.827 2.029
260.900  -3.31 -1.517 1.931 1.938
261.000  -3.50 -1.548 1.967 1.895
261.100  -4.22 -1.512 2.082 1.966
261.200  -4.24 -1.653 2.285 1.889
261.300  -4.46 -1.528 2.233 1.833
261.400  -4.38 -1.549 2.014 1.864
261.500  -4.90 -1.514 1.904 1.955
261.600  -5.70 -1.566 1.897 2.026
261.700  -6.70 -1.558 1.919 2.047
261.800  -7.18 -1.593 1.913 2.030
261.900  -7.14 -1.513 1.935 2.042
262.000  -6.60 -1.519 2.056 2.024
262.100  -6.36 -1.612 2.088 1.989
262.200  -6.62 -1.586 2.042 1.856
262.300  -6.88 -1.531 1.947 1.802
262.400  -6.84 -1.535 1.803 1.835
262.500  -6.00 -1.544 1.718 1.908
262.600  -4.99 -1.529 1.701 1.936
262.700  -4.38 -1.518 1.744 1.974
262.800  -4.35 -1.568 1.756 2.060
262.900  -4.70 -1.601 1.848 2.157
263.000  -4.85 -1.555 2.066 2.067
263.100  -4.30 -1.573 2.073 1.943
263.200  -3.35 -1.573 1.992 1.859
263.300  -3.40 -1.502 1.881 1.814
263.400  -3.85 -1.571 1.741 1.789
263.500  -4.70 -1.549 1.698 1.734
263.600  -5.01 -1.647 1.719 1.807
263.700  -4.62 -1.521 1.789 1.997
263.800  -3.66 -1.506 1.848 2.002
263.900  -2.83 -1.529 1.938 1.927
264.000  -2.70 -1.503 2.007 1.863
264.100  -2.77 -1.529 1.955 1.800
264.200  -2.64 -1.560 1.845 1.758
264.300  -1.88 -1.557 1.783 1.744
264.400  -0.49 -1.530 1.761 1.731
264.500   0.70 -1.515 1.670 1.835
264.600   1.44 -1.529 1.645 1.877
264.700   1.28 -1.513 1.807 1.889
264.800   1.60 -1.529 1.920 1.851
264.900   2.80 -1.529 1.876 1.805
265.000   4.70 -1.422 1.803 1.807
