# 20191009
# Direct connection to Agilent in cabin.
#lo_ghz dbm pll_if_power pa_0 pa_1
221.000  11.10 -1.537 2.500 2.488
221.500  10.41 -1.531 2.498 2.498
222.500  11.64 -1.502 2.211 2.283
223.500  10.56 -1.508 2.013 2.136
224.500  10.59 -1.506 2.147 2.499
225.000  10.40 -1.522 2.460 2.499
225.500   9.50 -1.536 2.317 2.494
226.500  10.20 -1.534 2.265 2.465
227.500  10.40 -1.522 2.057 1.955
228.500  11.50 -1.508 2.496 1.916
229.000  12.00 -1.510 2.304 2.500
229.500  11.70 -1.513 2.179 2.078
230.500  12.30 -1.521 2.066 2.489
231.500  11.20 -1.531 2.012 2.497
232.500  12.00 -1.505 2.183 2.496
233.000  12.00 -1.501 1.990 2.496
233.500  11.92 -1.525 2.277 2.127
234.500  13.17 -1.520 2.146 2.400
235.500  12.82 -1.532 2.152 1.948
236.500  13.97 -1.525 1.804 2.104
237.000  13.80 -1.531 1.944 2.451
237.500  13.34 -1.516 1.804 2.495
238.500  13.81 -1.529 1.944 2.494
239.500  14.29 -1.534 2.025 2.494
240.500  14.26 -1.535 1.684 2.141
241.000  14.10 -1.507 1.583 2.391
241.500  14.29 -1.540 1.646 2.027
242.500  14.46 -1.484 1.763 2.493
243.500  14.44 -1.290 1.978 2.224
244.500  14.41 -1.406 2.035 2.072
245.000  14.00 -1.518 1.510 1.924
245.500  14.41 -1.535 2.269 2.172
246.500  13.74 -1.537 1.902 2.492
247.500  13.56 -1.517 1.731 2.439
248.500  13.59 -1.535 1.571 2.171
249.000  13.30 -1.529 2.485 2.233
249.500  13.62 -1.529 1.584 2.072
250.500  13.57 -1.502 1.772 2.113
251.500  13.12 -1.538 2.383 2.193
252.500  12.97 -1.509 2.492 2.274
253.000  13.50 -1.550 1.964 2.005
253.500  13.34 -1.528 2.051 2.086
254.500  13.01 -1.520 1.754 1.964
255.500  13.29 -1.554 1.672 1.881
256.500  12.56 -1.552 1.738 2.053
257.000  13.80 -1.624 1.765 2.291
257.500  12.48 -1.518 2.110 2.038
258.500  13.64 -1.546 2.222 1.983
259.500  13.61 -1.691 1.844 1.860
260.500  14.27 -1.550 1.838 1.932
261.000  14.45 -1.019 1.937 1.885
261.500  14.26 -1.540 1.884 1.945
262.500  13.97 -1.504 1.698 1.889
263.500  14.48 -0.990 1.679 1.705
264.500  14.49 -1.156 1.650 1.806
265.000  14.50 -0.655 1.793 1.777
