#lo_ghz dbm pll_if_power pa_0 pa_1
221.000   8.60 -1.521 2.500 2.498
221.200  10.73 -1.540 2.482 2.496
221.400   8.47 -1.529 2.493 2.494
221.600   7.30 -1.572 2.210 2.496
221.800   8.54 -1.527 2.437 2.492
222.000   8.87 -1.515 2.497 2.488
222.200   7.20 -1.535 2.494 2.490
222.400   6.54 -1.517 2.296 2.453
222.600   8.47 -1.524 2.097 2.171
222.800   7.61 -1.509 2.252 2.477
223.000   5.54 -1.510 2.260 2.498
223.200   6.48 -1.665 2.243 2.373
223.400   7.31 -1.560 1.962 2.110
223.600   5.85 -1.528 1.956 2.148
223.800   3.68 -1.531 2.028 2.495
224.000   5.62 -1.504 2.218 2.499
224.200   7.08 -1.537 2.172 2.346
224.400   4.63 -1.521 2.185 2.419
224.600   4.09 -1.504 2.130 2.499
224.800   6.34 -1.504 2.319 2.489
225.000   8.00 -1.510 2.470 2.499
225.200   5.26 -1.529 2.499 2.485
225.400   5.43 -1.529 2.488 2.482
225.600   8.29 -1.524 2.357 2.499
225.800   8.96 -1.588 2.152 2.244
226.000   6.52 -1.569 2.154 2.205
226.200   6.33 -1.523 2.079 2.495
226.400   9.45 -1.526 2.229 2.481
226.600   9.26 -1.582 2.315 2.201
226.800   6.48 -1.525 1.984 2.086
227.000   7.09 -1.553 1.985 2.176
227.200   8.83 -1.548 1.985 2.419
227.400   7.66 -1.506 2.356 2.025
227.600   5.00 -1.582 1.999 1.994
227.800   6.23 -1.570 2.020 2.119
228.000   8.57 -1.508 2.091 2.500
228.200   6.92 -1.525 2.388 2.192
228.400   6.46 -1.542 2.499 1.923
228.600   7.81 -1.555 2.497 1.972
228.800   9.45 -1.541 2.498 2.466
229.000   7.80 -1.521 2.461 2.500
229.200   7.53 -1.526 2.393 1.986
229.400   9.66 -1.521 2.384 1.943
229.600   9.29 -1.541 2.256 2.461
229.800   8.12 -1.541 2.331 2.499
230.000   8.45 -1.556 2.495 2.224
230.200   9.62 -1.504 2.217 2.244
230.400   8.99 -1.563 2.293 2.489
230.600   7.86 -1.512 2.327 2.495
230.800   9.53 -1.515 2.467 2.261
231.000   9.50 -1.503 2.254 2.135
231.200   7.65 -1.523 2.291 2.293
231.400   7.50 -1.505 2.082 2.491
231.600   8.65 -1.515 2.062 2.487
231.800   8.80 -1.524 1.935 2.017
232.000   6.85 -1.564 1.995 1.958
232.200   8.10 -1.505 2.096 2.497
232.400  10.55 -1.546 2.167 2.487
232.600  10.40 -1.536 2.107 2.110
232.800   9.65 -1.552 2.112 2.023
233.000  10.40 -1.541 2.048 2.496
233.200  12.62 -1.539 2.334 2.494
233.400  12.14 -1.557 2.492 2.491
233.600  12.26 -1.537 2.105 1.995
233.800  14.00 -1.522 2.202 2.426
234.000  14.00 -1.119 2.132 2.494
234.200  14.00 -1.194 2.489 2.500
234.400  13.60 -1.518 2.463 2.427
234.600  13.83 -1.557 2.434 2.309
234.800  13.47 -1.500 2.198 2.499
235.000  12.21 -1.526 2.246 2.493
235.200  11.69 -1.545 2.494 2.495
235.400  10.97 -1.522 2.361 2.046
235.600  10.46 -1.548 2.293 2.030
235.800   9.54 -1.512 2.165 2.496
236.000   8.92 -1.514 2.183 2.482
236.200   8.60 -1.517 1.940 1.899
236.400   7.87 -1.539 1.882 1.846
236.600   8.75 -1.516 1.907 2.499
236.800   8.32 -1.515 1.915 2.494
237.000   7.60 -1.577 2.120 2.490
237.200   7.48 -1.530 2.025 2.002
237.400   8.56 -1.533 1.881 2.494
237.600   9.44 -1.562 1.940 2.482
237.800   8.32 -1.508 2.497 2.486
238.000   9.30 -1.523 2.300 2.500
238.200  11.29 -1.559 2.047 2.476
238.400  11.58 -1.575 1.972 2.491
238.600  10.57 -1.579 2.482 2.493
238.800  11.26 -1.519 2.471 2.491
239.000  13.60 -1.517 2.342 2.362
239.200  14.00 -1.507 2.105 2.481
239.400  12.70 -1.536 2.114 2.493
239.600  13.30 -1.527 2.124 2.481
239.800  13.80 -1.512 2.117 2.083
240.000  13.10 -1.550 2.021 2.156
240.200  11.32 -1.527 1.814 2.497
240.400  11.94 -1.532 1.940 2.495
240.600  13.06 -1.573 1.733 1.961
240.800  11.68 -1.530 1.702 1.926
241.000  10.70 -1.501 1.701 2.479
241.200  11.24 -1.553 2.491 2.500
241.400  12.38 -1.507 1.869 2.148
241.600  12.02 -1.506 1.841 2.254
241.800  12.60 -1.561 1.839 2.492
242.000  14.00 -1.328 2.494 2.495
242.200  14.00 -1.341 2.003 2.481
242.400  13.60 -1.559 1.915 2.495
242.600  13.60 -1.558 1.909 2.498
242.800  14.00 -1.408 2.005 2.499
243.000  13.70 -1.515 2.002 2.491
243.200  13.50 -1.541 1.881 2.500
243.400  14.00 -1.130 2.044 2.273
243.600  14.00 -1.155 2.175 2.478
243.800  13.10 -1.510 2.461 2.497
244.000  13.50 -1.588 1.845 2.496
244.200  14.00 -1.396 1.880 2.219
244.400  13.20 -1.530 2.062 2.118
244.600  11.10 -1.549 2.481 2.260
244.800  12.60 -1.579 1.952 2.234
245.000  14.00 -1.527 1.608 2.022
245.200  11.90 -1.526 1.720 2.099
245.400  10.40 -1.517 2.272 2.305
245.600  12.30 -1.521 1.969 2.331
245.800  14.00 -1.350 1.478 2.141
246.000  12.57 -1.501 1.585 2.156
246.200  11.80 -1.525 1.714 2.408
246.400  14.00 -1.293 1.911 2.493
246.600  14.00 -1.041 1.708 2.479
246.800  13.10 -1.581 1.841 2.492
247.000  12.10 -1.527 2.003 2.495
247.200  14.00 -1.306 2.492 2.475
247.400  14.00 -1.176 2.168 2.493
247.600  12.40 -1.515 1.755 2.496
247.800  12.20 -1.505 2.166 2.494
248.000  14.00 -1.525 2.489 2.443
248.200  13.30 -1.536 2.494 2.493
248.400  11.20 -1.510 1.735 2.337
248.600  11.78 -1.535 1.660 2.180
248.800  13.24 -1.500 2.014 2.206
249.000  11.70 -1.522 2.495 2.243
249.200  10.22 -1.535 1.778 2.253
249.400  11.04 -1.577 1.521 2.027
249.600  11.56 -1.533 1.782 2.173
249.800  10.28 -1.520 2.248 2.160
250.000  10.00 -1.557 1.850 2.254
250.200  11.58 -1.588 1.676 2.017
250.400  11.26 -1.516 1.688 2.084
250.600   9.94 -1.540 2.202 2.234
250.800  10.52 -1.573 2.277 2.328
251.000  12.20 -1.566 1.764 2.247
251.200  11.46 -1.521 1.784 2.223
251.400  10.52 -1.518 2.167 2.386
251.600  12.28 -1.525 2.492 2.320
251.800  13.94 -1.503 1.987 2.289
252.000  13.00 -1.527 1.893 2.298
252.200  12.78 -1.511 2.077 2.494
252.400  14.00 -1.404 2.498 2.494
252.600  14.00 -1.090 2.500 2.496
252.800  12.72 -1.521 2.026 2.226
253.000  11.60 -1.521 2.101 2.211
253.200  12.56 -1.532 2.257 2.359
253.400  11.93 -1.513 2.482 2.341
253.600  10.09 -1.541 2.050 2.263
253.800  10.06 -1.528 1.893 1.912
254.000  11.42 -1.564 2.068 2.080
254.200  10.03 -1.505 2.146 2.135
254.400   8.55 -1.513 1.842 2.201
254.600   9.36 -1.506 1.869 1.903
254.800  10.58 -1.540 1.864 1.842
255.000   9.39 -1.508 2.075 2.016
255.200   8.91 -1.534 1.812 2.144
255.400  10.32 -1.540 1.656 2.116
255.600  10.54 -1.504 1.817 1.892
255.800   9.75 -1.509 1.910 1.991
256.000  10.97 -1.533 1.925 2.149
256.200  13.08 -1.540 1.695 2.393
256.400  12.88 -1.517 1.769 2.157
256.600  12.09 -1.504 1.916 2.109
256.800  13.60 -1.503 1.939 2.210
257.000  14.00 -1.176 1.844 2.340
257.200  13.10 -1.518 1.899 2.061
257.400  12.40 -1.519 2.063 2.026
257.600  14.00 -1.465 2.211 2.090
257.800  14.00 -1.351 2.000 2.026
258.000  11.90 -1.507 1.907 1.992
258.200  11.45 -1.529 2.111 1.886
258.400  13.60 -1.503 2.110 1.958
258.600  13.25 -1.536 2.244 2.009
258.800  11.90 -1.538 1.690 1.983
259.000  12.75 -1.552 1.665 1.858
259.200  14.00 -1.282 1.807 1.692
259.400  13.10 -1.525 1.841 1.869
259.600  11.60 -1.530 1.687 1.943
259.800  12.90 -1.521 1.472 1.922
260.000  14.00 -1.525 1.590 1.774
260.200  13.20 -1.571 1.769 1.806
260.400  13.40 -1.540 1.870 1.916
260.600  14.00 -1.094 1.814 2.056
260.800  14.00 -0.912 1.788 2.049
261.000  14.00 -1.019 1.927 1.914
261.200  14.00 -1.029 2.236 1.899
261.400  14.00 -1.057 1.985 1.864
261.600  13.26 -1.540 1.877 2.035
261.800  12.08 -1.577 1.893 2.030
262.000  12.00 -1.540 2.046 2.034
262.200  12.28 -1.524 2.042 1.866
262.400  11.36 -1.532 1.833 1.835
262.600  12.20 -1.516 1.731 1.926
262.800  14.00 -1.481 1.766 2.060
263.000  14.00 -1.123 2.096 2.077
263.200  14.00 -1.177 2.011 1.879
263.400  14.00 -0.958 1.780 1.789
263.600  14.00 -0.770 1.739 1.787
263.800  14.00 -1.147 1.858 1.982
264.000  13.90 -1.517 2.007 1.863
264.200  14.00 -1.150 1.864 1.758
264.400  14.00 -0.723 1.771 1.711
264.600  14.00 -0.728 1.665 1.857
264.800  14.00 -0.522 1.959 1.822
