# 20191024
# Keysight SG with new IF switch, before it suddenly died
#lo_ghz dbm pll_if_power pa_0 pa_1
283.000  -2.40 -1.500 0.568 0.632
283.500  -3.60 -1.678 0.579 0.562
284.000  -1.30 -1.620 0.658 0.532
284.500  -1.45 -1.604 0.571 0.590
285.000  -0.60 -1.512 0.552 0.619
285.500  -0.65 -1.592 0.671 0.510
286.000  -3.30 -1.505 0.555 0.578
286.500  -1.50 -1.555 0.556 0.636
287.000  -4.50 -1.575 0.655 0.527
287.500  -6.39 -1.542 0.594 0.588
288.000  -5.28 -1.583 0.524 0.609
288.500  -8.37 -1.546 0.659 0.532
289.000  -6.05 -1.610 0.579 0.544
289.500  -4.89 -1.600 0.557 0.614
290.000  -4.53 -1.531 0.634 0.567
290.500  -0.37 -1.655 0.583 0.539
291.000  -0.80 -1.576 0.552 0.619
291.500   0.82 -1.518 0.605 0.592
292.000   3.33 -1.592 0.610 0.525
292.500   2.19 -1.559 0.506 0.567
293.000   2.85 -1.532 0.598 0.589
293.500   1.42 -1.718 0.593 0.532
294.000   0.38 -1.515 0.509 0.534
294.500   0.74 -1.505 0.543 0.615
295.000  -0.50 -1.667 0.586 0.558
295.500   0.57 -1.550 0.505 0.503
296.000   0.05 -1.654 0.542 0.633
296.500  -0.28 -1.590 0.599 0.578
297.000   1.00 -1.599 0.498 0.493
297.500  -1.98 -1.562 0.525 0.565
298.000  -3.15 -1.567 0.582 0.559
298.500  -3.62 -1.588 0.521 0.504
299.000  -5.70 -1.739 0.499 0.527
299.500  -4.90 -1.575 0.581 0.558
300.000  -5.40 -1.559 0.545 0.530
300.500  -7.35 -1.525 0.519 0.502
301.000  -5.50 -1.541 0.591 0.582
301.500  -5.80 -1.591 0.555 0.574
302.000  -6.50 -1.522 0.549 0.507
302.500  -3.80 -1.551 0.572 0.606
303.000  -3.70 -1.532 0.605 0.618
303.500  -1.79 -1.650 0.518 0.532
304.000  -0.58 -1.532 0.608 0.563
304.500  -1.46 -1.665 0.640 0.614
305.000   1.05 -1.651 0.543 0.577
305.500   1.01 -1.574 0.594 0.530
306.000  -1.82 -1.610 0.606 0.621
306.500  -2.11 -1.578 0.578 0.603
307.000  -3.40 -1.752 0.541 0.537
307.500  -2.92 -1.642 0.620 0.581
308.000  -2.65 -1.561 0.581 0.596
308.500  -1.77 -1.536 0.543 0.561
309.000   0.50 -1.669 0.631 0.566
309.500  -0.83 -1.604 0.573 0.581
310.000  -0.75 -1.545 0.544 0.586
310.500  -2.42 -1.522 0.564 0.522
311.000  -4.50 -1.520 0.614 0.566
311.500  -3.87 -1.522 0.563 0.604
312.000  -5.33 -1.710 0.542 0.515
312.500  -6.59 -1.622 0.648 0.553
313.000  -7.05 -1.575 0.548 0.601
313.500  -8.56 -1.537 0.556 0.531
314.000  -7.28 -1.581 0.613 0.520
314.500  -6.64 -1.521 0.542 0.578
315.000  -6.20 -1.574 0.541 0.567
315.500  -3.38 -1.552 0.569 0.524
316.000  -3.05 -1.535 0.608 0.550
316.500  -2.02 -1.570 0.548 0.615
317.000   0.80 -1.630 0.596 0.552
317.500   2.23 -1.584 0.625 0.548
318.000   3.05 -1.582 0.555 0.613
318.500   3.13 -1.570 0.584 0.580
319.000   0.00 -1.644 0.603 0.557
319.500  -2.37 -1.646 0.589 0.591
320.000  -3.25 -1.566 0.566 0.616
320.500  -3.82 -1.716 0.631 0.582
321.000  -3.60 -1.535 0.637 0.567
321.500  -1.97 -1.620 0.555 0.621
322.000   0.25 -1.503 0.649 0.626
322.500   0.13 -1.546 0.645 0.563
323.000  -3.40 -1.506 0.573 0.646
323.500  -3.40 -1.534 0.622 0.651
324.000  -4.30 -1.633 0.612 0.568
324.500  -6.75 -1.596 0.582 0.603
325.000  -5.40 -1.668 0.572 0.657
325.500  -6.30 -1.628 0.611 0.593
326.000  -6.00 -1.572 0.611 0.569
326.500  -5.20 -1.553 0.562 0.623
327.000  -5.80 -1.502 0.631 0.638
327.500  -3.26 -1.563 0.636 0.593
328.000  -2.43 -1.505 0.563 0.559
328.500  -0.84 -1.513 0.617 0.642
329.000   2.55 -1.536 0.632 0.647
329.500   3.04 -1.581 0.569 0.544
330.000   4.32 -1.511 0.574 0.608
331.500   4.70 -0.915 0.554 0.574
332.000   3.77 -1.571 0.642 0.639
332.500   2.91 -1.629 0.622 0.606
333.000   0.65 -1.509 0.563 0.592
333.500   2.19 -1.591 0.631 0.618
334.000   4.12 -1.603 0.660 0.653
334.500   3.00 -1.528 0.601 0.620
335.000   3.50 -1.508 0.620 0.626
335.500   3.39 -1.578 0.659 0.663
336.000   2.28 -1.516 0.630 0.661
336.500   2.99 -1.558 0.581 0.581
338.000   1.13 -1.649 0.591 0.614
338.500   0.26 -1.631 0.640 0.603
339.000   1.80 -1.649 0.699 0.689
339.500   2.23 -1.522 0.618 0.676
340.000   2.46 -1.534 0.617 0.614
340.500   0.94 -1.556 0.703 0.649
341.000   3.22 -1.580 0.672 0.705
341.500   3.50 -1.501 0.602 0.662
342.000   3.78 -1.526 0.639 0.590
342.500   4.70 -0.777 0.687 0.646
343.000   4.63 -0.669 0.587 0.682
345.500   4.70 -0.802 0.614 0.576
346.500   4.70 -0.741 0.564 0.654
347.000   4.67 -0.787 0.593 0.629
349.500   4.70 -0.714 0.650 0.647
350.000   4.14 -1.539 0.587 0.699
350.500   1.22 -1.573 0.642 0.624
351.000  -2.30 -1.598 0.657 0.598
351.500  -2.76 -1.575 0.588 0.655
352.500  -4.89 -1.503 0.705 0.631
353.000  -4.55 -1.531 0.656 0.618
353.500  -3.56 -1.578 0.616 0.724
354.500   0.51 -1.610 0.704 0.621
355.000   1.00 -1.540 0.664 0.727
355.500   1.07 -1.580 0.694 0.770
358.500   4.52 -1.714 0.601 0.617
359.000   4.00 -1.671 0.670 0.739
359.500   2.38 -1.506 0.740 0.711
360.000   3.35 -1.578 0.672 0.604
361.500   3.77 -1.596 0.762 0.685
362.500   0.69 -1.534 0.754 0.785
363.000   1.00 -1.608 0.784 0.796
363.500   0.52 -1.632 0.680 0.706
364.500   1.38 -1.538 0.747 0.771
365.000  -0.30 -1.642 0.741 0.710
