# from b6_att_table_pmeter.20210119.1534.txt
#lo_ghz att
216.00  205
217.20  218
218.40  217
219.60  207
220.80  192
222.00  207
223.20  214
224.40  209
225.60  196
226.80  189
228.00  210
229.20  212
230.40  214
231.60  219
232.80  190
234.00  174
235.20  200
236.40  211
237.60  205
238.80  175
240.00  180
241.20  198
242.40  190
243.60  191
244.80  192
246.00  179
247.20  163
248.40  174
249.60  179
250.80  173
252.00  156
253.20  165
254.40  176
255.60  181
256.80  161
258.00  162
259.20  161
260.40  151
261.60  171
262.80  179
264.00  158
265.20  161
266.40  163
267.60  172
268.80  170
270.00  151
271.20  148
272.40  164
273.60  177
274.80  170
276.00  164
277.20  161
278.40  150
279.60  140
280.80  148
282.00  164
283.20  148
284.40  134
285.60  133
286.80  136
288.00  154
289.20  143
290.40  128
291.60  138
292.80  133
294.00  132
295.20  128
296.40  120
297.60  126
298.80  140
300.00  144
301.20  135
302.40  124
303.60  126
304.80  150
306.00  173
307.20  156
308.40  118
309.60  109
310.80  113
312.00  120
313.20  137
314.40  127
315.60  111
316.80  126
318.00  142
319.20  164
320.40  158
321.60  112
322.80  137
324.00  150
325.20  150
326.40  142
327.60  110
328.80  100
330.00  116
331.20  133
332.40  147
333.60  127
334.80  107
336.00  113
337.20  114
338.40  111
339.60  107
340.80   77
342.00   46
343.20   95
344.40  102
345.60  104
346.80   92
348.00   76
349.20   81
350.40  115
351.60  136
352.80  132
354.00  106
355.20   84
356.40   90
357.60  107
358.80  111
360.00   87
361.20   82
362.40   91
363.60  109
364.80  106
366.00   87
367.20   88
368.40   81
369.60   83
370.80   71
372.00   66

