#lo_ghz att pll_if_power pa_0 pa_1
73.300 250 -1.478 0.000 0.000
73.350 242 -1.579 0.000 0.000
73.400 225 -1.535 0.000 0.000
73.450 215 -1.556 0.000 0.000
73.500 223 -1.494 0.000 0.000
73.550 231 -1.599 0.000 0.000
73.600 229 -1.505 0.000 0.000
73.650 220 -1.457 0.000 0.000
73.700 217 -1.463 0.000 0.000
73.750 227 -1.573 0.000 0.000
73.800 238 -1.515 0.000 0.000
73.850 239 -1.465 0.000 0.000
73.900 229 -1.455 0.000 0.000
73.950 226 -1.496 0.000 0.000
74.000 236 -1.580 0.000 0.000
74.050 241 -1.503 0.000 0.000
74.100 236 -1.499 0.000 0.000
74.150 224 -1.435 0.000 0.000
74.200 225 -1.489 0.000 0.000
74.250 237 -1.478 0.000 0.000
74.300 244 -1.583 0.000 0.000
74.350 245 -1.492 0.000 0.000
74.400 240 -1.419 0.000 0.000
74.450 239 -1.572 0.000 0.000
74.500 247 -1.594 0.000 0.000
74.550 253 -1.481 0.000 0.000
74.600 244 -1.445 0.000 0.000
74.650 235 -1.492 0.000 0.000
74.700 235 -1.546 0.000 0.000
74.750 250 -1.440 0.000 0.000
74.800 250 -1.600 0.000 0.000
74.850 242 -1.403 0.000 0.000
74.900 226 -1.591 0.000 0.000
74.950 230 -1.484 0.000 0.000
75.000 247 -1.421 0.000 0.000
75.050 247 -1.537 0.000 0.000
75.100 231 -1.546 0.000 0.000
75.150 214 -1.482 0.000 0.000
75.200 217 -1.460 0.000 0.000
75.250 229 -1.444 0.000 0.000
75.300 234 -1.500 0.000 0.000
75.350 225 -1.482 0.000 0.000
75.400 208 -1.443 0.000 0.000
75.450 211 -1.501 0.000 0.000
75.500 223 -1.530 0.000 0.000
75.550 236 -1.447 0.000 0.000
75.600 227 -1.566 0.000 0.000
75.650 219 -1.464 0.000 0.000
75.700 221 -1.571 0.000 0.000
75.750 237 -1.441 0.000 0.000
75.800 247 -1.570 0.000 0.000
75.850 242 -1.472 0.000 0.000
75.900 236 -1.443 0.000 0.000
75.950 231 -1.543 0.000 0.000
76.000 241 -1.597 0.000 0.000
76.050 247 -1.582 0.000 0.000
76.100 244 -1.470 0.000 0.000
76.150 237 -1.402 0.000 0.000
76.200 231 -1.591 0.000 0.000
76.250 241 -1.400 0.000 0.000
76.300 240 -1.466 0.000 0.000
76.350 236 -1.466 0.000 0.000
76.400 233 -1.419 0.000 0.000
76.450 236 -1.499 0.000 0.000
76.500 241 -1.463 0.000 0.000
76.550 239 -1.510 0.000 0.000
76.600 230 -1.528 0.000 0.000
76.650 229 -1.449 0.000 0.000
76.700 235 -1.494 0.000 0.000
76.750 240 -1.492 0.000 0.000
76.800 238 -1.573 0.000 0.000
76.850 228 -1.589 0.000 0.000
76.900 227 -1.506 0.000 0.000
76.950 235 -1.420 0.000 0.000
77.000 243 -1.424 0.000 0.000
77.050 239 -1.553 0.000 0.000
77.100 234 -1.426 0.000 0.000
77.150 228 -1.570 0.000 0.000
77.200 236 -1.516 0.000 0.000
77.250 247 -1.414 0.000 0.000
77.300 245 -1.403 0.000 0.000
77.350 231 -1.453 0.000 0.000
77.400 220 -1.448 0.000 0.000
77.450 219 -1.484 0.000 0.000
77.500 224 -1.563 0.000 0.000
77.550 227 -1.504 0.000 0.000
77.600 217 -1.466 0.000 0.000
77.650 202 -1.571 0.000 0.000
77.700 200 -1.561 0.000 0.000
77.750 202 -1.526 0.000 0.000
77.800 204 -1.596 0.000 0.000
77.850 200 -1.506 0.000 0.000
77.900 190 -1.560 0.000 0.000
77.950 190 -1.476 0.000 0.000
78.000 190 -1.435 0.000 0.000
78.050 189 -1.482 0.000 0.000
78.100 186 -1.555 0.000 0.000
78.150 188 -1.592 0.000 0.000
78.200 194 -1.567 0.000 0.000
78.250 200 -1.571 0.000 0.000
78.300 203 -1.554 0.000 0.000
78.350 207 -1.501 0.000 0.000
78.400 217 -1.476 0.000 0.000
78.450 226 -1.473 0.000 0.000
78.500 232 -1.466 0.000 0.000
78.550 228 -1.499 0.000 0.000
78.600 226 -1.586 0.000 0.000
78.650 228 -1.574 0.000 0.000
78.700 237 -1.550 0.000 0.000
78.750 237 -1.509 0.000 0.000
78.800 232 -1.472 0.000 0.000
78.850 227 -1.558 0.000 0.000
78.900 230 -1.508 0.000 0.000
78.950 242 -1.539 0.000 0.000
79.000 247 -1.549 0.000 0.000
79.050 241 -1.434 0.000 0.000
79.100 228 -1.463 0.000 0.000
79.150 222 -1.487 0.000 0.000
79.200 223 -1.589 0.000 0.000
79.250 229 -1.499 0.000 0.000
79.300 224 -1.443 0.000 0.000
79.350 208 -1.536 0.000 0.000
79.400 202 -1.437 0.000 0.000
79.450 200 -1.467 0.000 0.000
79.500 207 -1.437 0.000 0.000
79.550 201 -1.559 0.000 0.000
79.600 191 -1.510 0.000 0.000
79.650 180 -1.518 0.000 0.000
79.700 178 -1.582 0.000 0.000
79.750 184 -1.510 0.000 0.000
79.800 188 -1.476 0.000 0.000
79.850 182 -1.489 0.000 0.000
79.900 174 -1.495 0.000 0.000
79.950 174 -1.528 0.000 0.000
80.000 180 -1.525 0.000 0.000
80.050 190 -1.481 0.000 0.000
80.100 191 -1.504 0.000 0.000
80.150 191 -1.445 0.000 0.000
80.200 192 -1.573 0.000 0.000
80.250 200 -1.519 0.000 0.000
80.300 208 -1.502 0.000 0.000
80.350 208 -1.559 0.000 0.000
80.400 206 -1.587 0.000 0.000
80.450 202 -1.577 0.000 0.000
80.500 201 -1.594 0.000 0.000
80.550 200 -1.508 0.000 0.000
80.600 199 -1.417 0.000 0.000
80.650 196 -1.491 0.000 0.000
80.700 200 -1.403 0.000 0.000
80.750 198 -1.595 0.000 0.000
80.800 199 -1.407 0.000 0.000
80.850 191 -1.587 0.000 0.000
80.900 191 -1.495 0.000 0.000
80.950 197 -1.404 0.000 0.000
81.000 195 -1.589 0.000 0.000
81.050 194 -1.559 0.000 0.000
81.100 190 -1.518 0.000 0.000
81.150 185 -1.562 0.000 0.000
81.200 192 -1.565 0.000 0.000
81.250 198 -1.568 0.000 0.000
81.300 198 -1.507 0.000 0.000
81.350 192 -1.476 0.000 0.000
81.400 190 -1.411 0.000 0.000
81.450 193 -1.591 0.000 0.000
81.500 208 -1.522 0.000 0.000
81.550 211 -1.525 0.000 0.000
81.600 202 -1.510 0.000 0.000
81.650 196 -1.525 0.000 0.000
81.700 199 -1.578 0.000 0.000
81.750 215 -1.433 0.000 0.000
81.800 215 -1.582 0.000 0.000
81.850 202 -1.588 0.000 0.000
81.900 189 -1.511 0.000 0.000
81.950 188 -1.507 0.000 0.000
82.000 198 -1.475 0.000 0.000
82.050 201 -1.543 0.000 0.000
82.100 190 -1.516 0.000 0.000
82.150 178 -1.513 0.000 0.000
82.200 175 -1.571 0.000 0.000
82.250 184 -1.467 0.000 0.000
82.300 187 -1.589 0.000 0.000
82.350 179 -1.481 0.000 0.000
82.400 165 -1.564 0.000 0.000
82.450 166 -1.479 0.000 0.000
82.500 177 -1.512 0.000 0.000
82.550 187 -1.437 0.000 0.000
82.600 179 -1.500 0.000 0.000
82.650 168 -1.589 0.000 0.000
82.700 170 -1.532 0.000 0.000
82.750 185 -1.577 0.000 0.000
82.800 197 -1.465 0.000 0.000
82.850 191 -1.568 0.000 0.000
82.900 181 -1.560 0.000 0.000
82.950 185 -1.522 0.000 0.000
83.000 196 -1.551 0.000 0.000
83.050 205 -1.482 0.000 0.000
83.100 201 -1.519 0.000 0.000
83.150 190 -1.474 0.000 0.000
83.200 193 -1.446 0.000 0.000
83.250 201 -1.454 0.000 0.000
83.300 206 -1.512 0.000 0.000
83.350 200 -1.588 0.000 0.000
83.400 190 -1.436 0.000 0.000
83.450 190 -1.599 0.000 0.000
83.500 204 -1.437 0.000 0.000
83.550 212 -1.424 0.000 0.000
83.600 203 -1.555 0.000 0.000
83.650 192 -1.451 0.000 0.000
83.700 191 -1.401 0.000 0.000
83.750 196 -1.584 0.000 0.000
83.800 201 -1.528 0.000 0.000
83.850 189 -1.596 0.000 0.000
83.900 179 -1.578 0.000 0.000
83.950 179 -1.426 0.000 0.000
84.000 182 -1.556 0.000 0.000
84.050 186 -1.472 0.000 0.000
84.100 179 -1.463 0.000 0.000
84.150 172 -1.534 0.000 0.000
84.200 177 -1.497 0.000 0.000
84.250 186 -1.451 0.000 0.000
84.300 191 -1.461 0.000 0.000
84.350 186 -1.497 0.000 0.000
84.400 184 -1.415 0.000 0.000
84.450 189 -1.470 0.000 0.000
84.500 198 -1.537 0.000 0.000
84.550 203 -1.486 0.000 0.000
84.600 199 -1.521 0.000 0.000
84.650 196 -1.472 0.000 0.000
84.700 201 -1.501 0.000 0.000
84.750 208 -1.474 0.000 0.000
84.800 207 -1.472 0.000 0.000
84.850 203 -1.426 0.000 0.000
84.900 199 -1.556 0.000 0.000
84.950 205 -1.592 0.000 0.000
85.000 214 -1.416 0.000 0.000
85.050 213 -1.520 0.000 0.000
85.100 206 -1.501 0.000 0.000
85.150 202 -1.524 0.000 0.000
85.200 207 -1.476 0.000 0.000
85.250 212 -1.467 0.000 0.000
85.300 207 -1.555 0.000 0.000
85.350 196 -1.475 0.000 0.000
85.400 190 -1.452 0.000 0.000
85.450 194 -1.441 0.000 0.000
85.500 200 -1.426 0.000 0.000
85.550 195 -1.579 0.000 0.000
85.600 190 -1.447 0.000 0.000
85.650 185 -1.574 0.000 0.000
85.700 189 -1.531 0.000 0.000
85.750 192 -1.588 0.000 0.000
85.800 191 -1.595 0.000 0.000
85.850 189 -1.411 0.000 0.000
85.900 189 -1.544 0.000 0.000
85.950 197 -1.443 0.000 0.000
86.000 199 -1.563 0.000 0.000
86.050 197 -1.525 0.000 0.000
86.100 191 -1.553 0.000 0.000
86.150 192 -1.521 0.000 0.000
86.200 195 -1.586 0.000 0.000
86.250 198 -1.542 0.000 0.000
86.300 197 -1.459 0.000 0.000
86.350 191 -1.516 0.000 0.000
86.400 189 -1.496 0.000 0.000
86.450 187 -1.541 0.000 0.000
86.500 183 -1.530 0.000 0.000
86.550 179 -1.544 0.000 0.000
86.600 181 -1.560 0.000 0.000
86.650 182 -1.583 0.000 0.000
86.700 185 -1.459 0.000 0.000
86.750 179 -1.479 0.000 0.000
86.800 174 -1.471 0.000 0.000
86.850 177 -1.489 0.000 0.000
86.900 183 -1.524 0.000 0.000
86.950 189 -1.510 0.000 0.000
87.000 188 -1.413 0.000 0.000
87.050 181 -1.589 0.000 0.000
87.100 182 -1.495 0.000 0.000
87.150 188 -1.501 0.000 0.000
87.200 192 -1.596 0.000 0.000
87.250 189 -1.555 0.000 0.000
87.300 189 -1.500 0.000 0.000
87.350 188 -1.493 0.000 0.000
87.400 195 -1.410 0.000 0.000
87.450 202 -1.452 0.000 0.000
87.500 199 -1.419 0.000 0.000
87.550 192 -1.411 0.000 0.000
87.600 187 -1.591 0.000 0.000
87.650 192 -1.522 0.000 0.000
87.700 200 -1.419 0.000 0.000
87.750 196 -1.552 0.000 0.000
87.800 187 -1.404 0.000 0.000
87.850 180 -1.509 0.000 0.000
87.900 179 -1.584 0.000 0.000
87.950 188 -1.503 0.000 0.000
88.000 187 -1.500 0.000 0.000
88.050 180 -1.542 0.000 0.000
88.100 178 -1.412 0.000 0.000
88.150 177 -1.448 0.000 0.000
88.200 181 -1.420 0.000 0.000
88.250 178 -1.572 0.000 0.000
88.300 177 -1.568 0.000 0.000
88.350 174 -1.428 0.000 0.000
88.400 175 -1.437 0.000 0.000
88.450 176 -1.469 0.000 0.000
88.500 177 -1.495 0.000 0.000
88.550 180 -1.433 0.000 0.000
88.570 177 -1.553 0.000 0.000
