# agilent in cabin, thru IF switch
#lo_ghz dbm pll_if_power pa_0 pa_1
75.000 -17.60 -1.525 2.000 2.000
75.050 -18.55 -1.519 2.000 2.000
75.100 -18.00 -1.511 2.000 2.000
75.150 -16.75 -1.516 2.000 2.000
75.200 -16.60 -1.522 2.000 2.000
75.250 -17.55 -1.530 2.000 2.000
75.300 -18.70 -1.522 2.000 2.000
75.350 -18.45 -1.509 2.000 2.000
75.400 -17.10 -1.530 2.000 2.000
75.450 -16.55 -1.510 2.000 2.000
75.500 -17.10 -1.523 2.000 2.000
75.550 -18.01 -1.532 2.000 2.000
75.600 -18.22 -1.504 2.000 2.000
75.650 -17.23 -1.534 2.000 2.000
75.700 -16.74 -1.505 2.000 2.000
75.750 -17.15 -1.538 2.000 2.000
75.800 -17.96 -1.511 2.000 2.000
75.850 -18.07 -1.535 2.000 2.000
75.900 -17.48 -1.501 2.000 2.000
75.950 -16.89 -1.534 2.000 2.000
76.000 -17.20 -1.513 2.000 2.000
76.050 -17.67 -1.510 2.000 2.000
76.100 -17.54 -1.528 2.000 2.000
76.150 -17.01 -1.504 2.000 2.000
76.200 -16.58 -1.533 2.000 2.000
76.250 -16.75 -1.504 2.000 2.000
76.300 -16.92 -1.532 2.000 2.000
76.350 -16.69 -1.517 2.000 2.000
76.400 -16.36 -1.517 2.000 2.000
76.450 -16.53 -1.505 2.000 2.000
76.500 -16.90 -1.521 2.000 2.000
76.550 -17.14 -1.508 2.000 2.000
76.600 -16.58 -1.532 2.000 2.000
76.650 -15.92 -1.532 2.000 2.000
76.700 -15.96 -1.518 2.000 2.000
76.750 -16.30 -1.531 2.000 2.000
76.800 -16.44 -1.518 2.000 2.000
76.850 -15.88 -1.535 2.000 2.000
76.900 -15.32 -1.503 2.000 2.000
76.950 -15.46 -1.541 2.000 2.000
77.000 -16.30 -1.519 2.000 2.000
77.050 -16.71 -1.519 1.995 2.000
77.100 -16.42 -1.503 1.990 2.000
77.150 -15.73 -1.530 1.985 2.000
77.200 -15.94 -1.501 1.980 2.000
77.250 -16.55 -1.530 1.975 2.000
77.300 -16.96 -1.528 1.970 2.000
77.350 -16.27 -1.513 1.965 2.000
77.400 -15.28 -1.516 1.960 2.000
77.450 -14.99 -1.510 1.955 2.000
77.500 -15.40 -1.529 1.950 2.000
77.550 -16.13 -1.524 1.945 2.000
77.600 -15.96 -1.520 1.940 2.000
77.650 -15.39 -1.535 1.935 2.000
77.700 -15.22 -1.529 1.930 2.000
77.750 -15.75 -1.509 1.925 2.000
77.800 -16.48 -1.508 1.920 2.000
77.850 -16.71 -1.516 1.915 2.000
77.900 -16.24 -1.521 1.910 2.000
77.950 -15.87 -1.538 1.905 2.000
78.000 -15.70 -1.541 1.900 2.000
78.050 -15.70 -1.508 1.890 1.995
78.100 -15.60 -1.522 1.880 1.990
78.150 -15.40 -1.509 1.870 1.985
78.200 -15.50 -1.529 1.860 1.980
78.250 -15.70 -1.504 1.850 1.975
78.300 -15.70 -1.534 1.840 1.970
78.350 -15.80 -1.517 1.830 1.965
78.400 -16.10 -1.516 1.820 1.960
78.450 -16.50 -1.532 1.810 1.955
78.500 -16.70 -1.519 1.800 1.950
78.550 -16.16 -1.537 1.790 1.945
78.600 -15.52 -1.535 1.780 1.940
78.650 -15.38 -1.526 1.770 1.935
78.700 -15.74 -1.541 1.760 1.930
78.750 -16.10 -1.519 1.750 1.925
78.800 -15.56 -1.525 1.740 1.920
78.850 -14.92 -1.501 1.730 1.915
78.900 -14.78 -1.508 1.720 1.910
78.950 -15.54 -1.541 1.710 1.905
79.000 -16.50 -1.519 1.700 1.900
79.050 -16.18 -1.509 1.680 1.880
79.100 -15.06 -1.516 1.660 1.860
79.150 -14.44 -1.519 1.640 1.840
79.200 -14.92 -1.507 1.620 1.820
79.250 -15.80 -1.529 1.600 1.800
79.300 -15.78 -1.541 1.580 1.780
79.350 -14.76 -1.507 1.560 1.760
79.400 -13.94 -1.530 1.540 1.740
79.450 -14.22 -1.530 1.520 1.720
79.500 -15.30 -1.522 1.500 1.700
79.550 -15.61 -1.542 1.540 1.650
79.600 -14.72 -1.534 1.580 1.600
79.650 -13.83 -1.504 1.620 1.550
79.700 -13.84 -1.503 1.660 1.500
79.750 -14.55 -1.511 1.700 1.450
79.800 -14.96 -1.521 1.740 1.400
79.850 -14.17 -1.534 1.780 1.350
79.900 -13.08 -1.529 1.820 1.300
79.950 -12.79 -1.534 1.860 1.250
80.000 -13.40 -1.506 1.900 1.200
80.050 -14.05 -1.515 1.820 1.270
80.100 -14.00 -1.516 1.740 1.340
80.150 -13.65 -1.511 1.660 1.410
80.200 -13.60 -1.545 1.580 1.480
80.250 -14.15 -1.518 1.500 1.550
80.300 -14.50 -1.518 1.420 1.620
80.350 -14.25 -1.535 1.340 1.690
80.400 -13.90 -1.522 1.260 1.760
80.450 -13.75 -1.527 1.180 1.830
80.500 -13.90 -1.507 1.100 1.900
80.550 -13.88 -1.501 1.100 1.650
80.600 -13.56 -1.505 1.100 1.400
80.650 -13.44 -1.514 1.137 1.425
80.700 -13.62 -1.542 1.175 1.450
80.750 -13.80 -1.516 1.212 1.475
80.800 -13.48 -1.519 1.250 1.500
80.850 -12.96 -1.523 1.287 1.525
80.900 -12.84 -1.534 1.325 1.550
80.950 -13.42 -1.510 1.362 1.575
81.000 -13.70 -1.514 1.400 1.600
81.050 -13.05 -1.532 1.380 1.590
81.100 -12.10 -1.543 1.360 1.580
81.150 -11.75 -1.533 1.340 1.570
81.200 -12.40 -1.524 1.320 1.560
81.250 -13.15 -1.509 1.300 1.550
81.300 -12.60 -1.536 1.280 1.540
81.350 -11.55 -1.520 1.260 1.530
81.400 -11.10 -1.518 1.240 1.520
81.450 -11.85 -1.533 1.220 1.510
81.500 -13.20 -1.504 1.200 1.500
81.550 -13.17 -1.509 1.200 1.490
81.600 -11.94 -1.526 1.200 1.480
81.650 -11.21 -1.524 1.200 1.470
81.700 -11.68 -1.542 1.200 1.460
81.750 -13.05 -1.531 1.200 1.450
81.800 -13.62 -1.516 1.200 1.440
81.850 -12.59 -1.505 1.200 1.430
81.900 -11.56 -1.535 1.200 1.420
81.950 -11.83 -1.525 1.200 1.410
82.000 -12.90 -1.519 1.200 1.400
82.050 -13.38 -1.522 1.220 1.415
82.100 -12.46 -1.519 1.240 1.430
82.150 -11.54 -1.505 1.260 1.445
82.200 -11.72 -1.518 1.280 1.460
82.250 -12.90 -1.502 1.300 1.475
82.300 -13.58 -1.512 1.320 1.490
82.350 -12.76 -1.533 1.340 1.505
82.400 -11.74 -1.519 1.360 1.520
82.450 -11.72 -1.502 1.380 1.535
82.500 -12.60 -1.519 1.400 1.550
82.550 -13.38 -1.530 1.420 1.565
82.600 -12.96 -1.550 1.440 1.580
82.650 -12.24 -1.523 1.460 1.595
82.700 -12.22 -1.511 1.480 1.610
82.750 -13.00 -1.513 1.500 1.625
82.800 -13.78 -1.534 1.520 1.640
82.850 -13.56 -1.526 1.540 1.655
82.900 -12.84 -1.548 1.560 1.670
82.950 -12.82 -1.527 1.580 1.685
83.000 -13.40 -1.542 1.600 1.700
83.050 -13.97 -1.539 1.585 1.710
83.100 -13.64 -1.524 1.570 1.720
83.150 -12.91 -1.509 1.555 1.730
83.200 -12.88 -1.519 1.540 1.740
83.250 -13.55 -1.516 1.525 1.750
83.300 -14.02 -1.526 1.510 1.760
83.350 -13.59 -1.519 1.495 1.770
83.400 -12.66 -1.538 1.480 1.780
83.450 -12.53 -1.523 1.465 1.790
83.500 -13.10 -1.546 1.450 1.800
83.550 -13.66 -1.505 1.435 1.810
83.600 -13.32 -1.510 1.420 1.820
83.650 -12.58 -1.524 1.405 1.830
83.700 -12.44 -1.507 1.390 1.840
83.750 -13.00 -1.524 1.375 1.850
83.800 -13.36 -1.530 1.360 1.860
83.850 -12.92 -1.502 1.345 1.870
83.900 -12.18 -1.533 1.330 1.880
83.950 -12.04 -1.546 1.315 1.890
84.000 -12.70 -1.508 1.300 1.900
84.050 -13.20 -1.523 1.330 1.895
84.100 -12.80 -1.532 1.360 1.890
84.150 -12.20 -1.510 1.390 1.885
84.200 -12.10 -1.508 1.420 1.880
84.250 -12.50 -1.537 1.450 1.875
84.300 -13.10 -1.514 1.480 1.870
84.350 -12.90 -1.527 1.510 1.865
84.400 -12.40 -1.532 1.540 1.860
84.450 -12.40 -1.511 1.570 1.855
84.500 -12.70 -1.545 1.600 1.850
84.550 -13.14 -1.528 1.630 1.845
84.600 -13.08 -1.528 1.660 1.840
84.650 -12.72 -1.544 1.690 1.835
84.700 -12.86 -1.522 1.720 1.830
84.750 -13.20 -1.515 1.750 1.825
84.800 -13.24 -1.516 1.780 1.820
84.850 -12.78 -1.528 1.810 1.815
84.900 -12.32 -1.552 1.840 1.810
84.950 -12.56 -1.521 1.870 1.805
85.000 -13.10 -1.545 1.900 1.800
85.050 -13.49 -1.548 1.885 1.800
85.100 -13.28 -1.541 1.870 1.800
85.150 -13.07 -1.517 1.855 1.800
85.200 -13.26 -1.542 1.840 1.800
85.250 -13.85 -1.506 1.825 1.800
85.300 -13.94 -1.522 1.810 1.800
85.350 -13.43 -1.524 1.795 1.800
85.400 -13.02 -1.555 1.780 1.800
85.450 -13.41 -1.512 1.765 1.800
85.500 -14.00 -1.542 1.750 1.800
85.550 -14.14 -1.552 1.735 1.800
85.600 -13.48 -1.530 1.720 1.800
85.650 -12.82 -1.553 1.705 1.800
85.700 -12.96 -1.540 1.690 1.800
85.750 -13.60 -1.519 1.675 1.800
85.800 -13.94 -1.516 1.660 1.800
85.850 -13.38 -1.553 1.645 1.800
85.900 -12.82 -1.556 1.630 1.800
85.950 -12.86 -1.548 1.615 1.800
86.000 -13.40 -1.508 1.600 1.800
86.050 -13.69 -1.519 1.600 1.785
86.100 -13.28 -1.519 1.600 1.770
86.150 -12.67 -1.539 1.600 1.755
86.200 -12.56 -1.515 1.600 1.740
86.250 -12.75 -1.535 1.600 1.725
86.300 -12.94 -1.557 1.600 1.710
86.350 -12.73 -1.556 1.600 1.695
86.400 -12.32 -1.537 1.600 1.680
86.450 -12.21 -1.509 1.600 1.665
86.500 -12.30 -1.522 1.600 1.650
86.550 -12.52 -1.546 1.600 1.635
86.600 -12.74 -1.529 1.600 1.620
86.650 -12.76 -1.520 1.600 1.605
86.700 -12.68 -1.535 1.600 1.590
86.750 -12.50 -1.533 1.600 1.575
86.800 -12.22 -1.554 1.600 1.560
86.850 -12.24 -1.516 1.600 1.545
86.900 -12.46 -1.514 1.600 1.530
86.950 -12.68 -1.528 1.600 1.515
87.000 -12.50 -1.508 1.600 1.500
87.050 -11.90 -1.518 1.595 1.520
87.100 -11.50 -1.548 1.590 1.540
87.150 -11.90 -1.534 1.585 1.560
87.200 -12.70 -1.529 1.580 1.580
87.250 -12.90 -1.551 1.575 1.600
87.300 -12.50 -1.501 1.570 1.620
87.350 -12.00 -1.518 1.565 1.640
87.400 -12.30 -1.519 1.560 1.660
87.450 -13.20 -1.508 1.555 1.680
87.500 -13.40 -1.548 1.550 1.700
87.550 -12.66 -1.506 1.545 1.720
87.600 -11.72 -1.530 1.540 1.740
87.650 -11.68 -1.530 1.535 1.760
87.700 -12.54 -1.541 1.530 1.780
87.750 -13.20 -1.527 1.525 1.800
87.800 -12.46 -1.548 1.520 1.820
87.850 -11.52 -1.520 1.515 1.840
87.900 -11.38 -1.546 1.510 1.860
87.950 -12.24 -1.551 1.505 1.880
88.000 -13.10 -1.522 1.500 1.900
88.050 -12.60 -1.511 1.480 1.890
88.100 -11.50 -1.550 1.460 1.880
88.150 -11.40 -1.505 1.440 1.870
88.200 -12.10 -1.515 1.420 1.860
88.250 -12.90 -1.521 1.400 1.850
88.300 -12.50 -1.536 1.380 1.840
88.350 -11.40 -1.500 1.360 1.830
88.400 -10.90 -1.520 1.340 1.820
88.450 -11.30 -1.546 1.320 1.810
88.500 -12.10 -1.515 1.300 1.800
88.500 -12.10 -1.517 1.300 1.800
