#lo_ghz dbm pll_if_power pa_0 pa_1
75.000   0.30 -1.500 2.000 2.000
75.050  -1.06 -1.561 2.000 2.000
75.100  -1.22 -1.565 2.000 2.000
75.150  -0.38 -1.628 2.000 2.000
75.200   1.26 -1.550 2.000 2.000
75.250   1.70 -1.581 2.000 2.000
75.300   0.34 -1.502 2.000 2.000
75.350  -0.52 -1.553 2.000 2.000
75.400   0.12 -1.505 2.000 2.000
75.450   2.46 -1.640 2.000 2.000
75.500   2.90 -1.629 2.000 2.000
75.550   1.90 -1.631 2.000 2.000
75.600   0.10 -1.644 2.000 2.000
75.650  -0.10 -1.523 2.000 2.000
75.700   1.30 -1.617 2.000 2.000
75.750   1.70 -1.525 2.000 2.000
75.800   0.70 -1.552 2.000 2.000
75.850  -1.60 -1.573 2.000 2.000
75.900  -1.50 -1.584 2.000 2.000
75.950  -0.70 -1.557 2.000 2.000
76.000   0.70 -1.578 2.000 2.000
76.050  -0.64 -1.557 2.000 2.000
76.100  -1.88 -1.647 2.000 2.000
76.150  -1.62 -1.567 2.000 2.000
76.200  -0.76 -1.508 2.000 2.000
76.250   0.90 -1.503 2.000 2.000
76.300  -0.54 -1.504 2.000 2.000
76.350  -1.18 -1.599 2.000 2.000
76.400  -1.32 -1.625 2.000 2.000
76.450   0.24 -1.532 2.000 2.000
76.500   1.50 -1.551 2.000 2.000
76.550   1.18 -1.600 2.000 2.000
76.600   0.36 -1.506 2.000 2.000
76.650   0.24 -1.626 2.000 2.000
76.700   1.82 -1.669 2.000 2.000
76.750   1.70 -1.508 2.000 2.000
76.800   0.98 -1.522 2.000 2.000
76.850  -0.34 -1.563 2.000 2.000
76.900   0.24 -1.622 2.000 2.000
76.950   1.62 -1.632 2.000 2.000
77.000   2.00 -1.512 2.000 2.000
77.050   1.54 -1.610 1.995 2.000
77.100   0.48 -1.578 1.990 2.000
77.150   1.02 -1.596 1.985 2.000
77.200   1.56 -1.670 1.980 2.000
77.250   2.10 -1.613 1.975 2.000
77.300   0.84 -1.542 1.970 2.000
77.350   0.38 -1.630 1.965 2.000
77.400   1.02 -1.503 1.960 2.000
77.450   2.56 -1.620 1.955 2.000
77.500   3.70 -1.602 1.950 2.000
77.550   2.59 -1.593 1.945 2.000
77.600   1.98 -1.549 1.940 2.000
77.650   2.17 -1.646 1.935 2.000
77.700   3.56 -1.553 1.930 2.000
77.750   4.45 -1.547 1.925 2.000
77.800   4.14 -1.523 1.920 2.000
77.850   4.03 -1.557 1.915 2.000
77.900   4.32 -1.673 1.910 2.000
77.950   6.01 -1.618 1.905 2.000
78.000   6.30 -1.528 1.900 2.000
78.050   6.35 -1.539 1.890 1.995
78.100   5.30 -1.518 1.880 1.990
78.150   4.95 -1.615 1.870 1.985
78.200   4.80 -1.546 1.860 1.980
78.250   4.55 -1.567 1.850 1.975
78.300   3.80 -1.553 1.840 1.970
78.350   2.75 -1.618 1.830 1.965
78.400   2.40 -1.525 1.820 1.960
78.450   2.05 -1.570 1.810 1.955
78.500   1.90 -1.510 1.800 1.950
78.550   1.19 -1.621 1.790 1.945
78.600   0.78 -1.629 1.780 1.940
78.650   0.47 -1.502 1.770 1.935
78.700  -0.14 -1.552 1.760 1.930
78.750  -0.45 -1.594 1.750 1.925
78.800  -1.46 -1.502 1.740 1.920
78.850  -0.97 -1.571 1.730 1.915
78.900  -0.78 -1.528 1.720 1.910
78.950  -0.59 -1.613 1.710 1.905
79.000  -1.30 -1.508 1.700 1.900
79.050  -1.65 -1.569 1.680 1.880
79.100  -1.20 -1.583 1.660 1.860
79.150  -0.45 -1.613 1.640 1.840
79.200   0.10 -1.502 1.620 1.820
79.250  -0.25 -1.551 1.600 1.800
79.300  -0.20 -1.510 1.580 1.780
79.350   0.45 -1.555 1.560 1.760
79.400   2.10 -1.510 1.540 1.740
79.450   2.85 -1.517 1.520 1.720
79.500   2.50 -1.563 1.500 1.700
79.550   1.84 -1.610 1.540 1.650
79.600   2.08 -1.612 1.580 1.600
79.650   3.92 -1.529 1.620 1.550
79.700   4.96 -1.572 1.660 1.500
79.750   5.40 -1.626 1.700 1.450
79.800   4.34 -1.584 1.740 1.400
79.850   4.48 -1.575 1.780 1.350
79.900   5.42 -1.517 1.820 1.300
79.950   5.96 -1.558 1.860 1.250
80.000   5.60 -1.571 1.900 1.200
80.050   4.35 -1.565 1.820 1.270
80.100   4.20 -1.527 1.740 1.340
80.150   4.65 -1.536 1.660 1.410
80.200   5.60 -1.526 1.580 1.480
80.250   4.75 -1.574 1.500 1.550
80.300   3.30 -1.539 1.420 1.620
80.350   2.75 -1.570 1.340 1.690
80.400   3.30 -1.613 1.260 1.760
80.450   4.45 -1.569 1.180 1.830
80.500   4.00 -1.502 1.100 1.900
80.550   3.98 -1.540 1.100 1.650
80.600   4.26 -1.579 1.100 1.400
80.650   5.64 -1.525 1.137 1.425
80.700   6.22 -1.506 1.175 1.450
80.750   5.70 -1.601 1.212 1.475
80.800   4.58 -1.509 1.250 1.500
80.850   4.46 -1.521 1.287 1.525
80.900   6.34 -1.613 1.325 1.550
80.950   6.52 -1.540 1.362 1.575
81.000   5.80 -1.534 1.400 1.600
81.050   4.85 -1.557 1.380 1.590
81.100   5.60 -1.584 1.360 1.580
81.150   7.05 -1.569 1.340 1.570
81.200   7.50 -1.568 1.320 1.560
81.250   6.05 -1.509 1.300 1.550
81.300   4.80 -1.506 1.280 1.540
81.350   5.85 -1.512 1.260 1.530
81.400   7.30 -1.537 1.240 1.520
81.450   7.55 -1.527 1.220 1.510
81.500   5.50 -1.582 1.200 1.500
81.550   3.76 -1.519 1.200 1.490
81.600   4.52 -1.628 1.200 1.480
81.650   6.18 -1.500 1.200 1.470
81.700   6.64 -1.557 1.200 1.460
81.750   4.70 -1.553 1.200 1.450
81.800   2.96 -1.529 1.200 1.440
81.850   3.42 -1.591 1.200 1.430
81.900   6.08 -1.521 1.200 1.420
81.950   6.84 -1.545 1.200 1.410
82.000   6.10 -1.567 1.200 1.400
82.050   4.85 -1.547 1.220 1.415
82.100   5.40 -1.541 1.240 1.430
82.150   7.85 -1.533 1.260 1.445
82.200   8.70 -1.589 1.280 1.460
82.250   7.35 -1.554 1.300 1.475
82.300   5.40 -1.573 1.320 1.490
82.350   5.65 -1.531 1.340 1.505
82.400   7.90 -1.530 1.360 1.520
82.450   9.45 -1.560 1.380 1.535
82.500   8.50 -1.508 1.400 1.550
82.550   6.88 -1.612 1.420 1.565
82.600   6.26 -1.556 1.440 1.580
82.650   7.54 -1.503 1.460 1.595
82.700   8.52 -1.552 1.480 1.610
82.750   7.40 -1.524 1.500 1.625
82.800   5.68 -1.559 1.520 1.640
82.850   5.06 -1.543 1.540 1.655
82.900   6.44 -1.550 1.560 1.670
82.950   7.52 -1.607 1.580 1.685
83.000   6.30 -1.524 1.600 1.700
83.050   4.78 -1.562 1.585 1.710
83.100   3.76 -1.525 1.570 1.720
83.150   4.94 -1.525 1.555 1.730
83.200   5.52 -1.512 1.540 1.740
83.250   5.00 -1.618 1.525 1.750
83.300   3.88 -1.629 1.510 1.760
83.350   3.56 -1.533 1.495 1.770
83.400   5.14 -1.560 1.480 1.780
83.450   6.12 -1.543 1.465 1.790
83.500   5.10 -1.522 1.450 1.800
83.550   3.55 -1.574 1.435 1.810
83.600   3.10 -1.508 1.420 1.820
83.650   4.45 -1.582 1.405 1.830
83.700   5.60 -1.504 1.390 1.840
83.750   4.95 -1.528 1.375 1.850
83.800   4.00 -1.581 1.360 1.860
83.850   4.25 -1.600 1.345 1.870
83.900   5.90 -1.513 1.330 1.880
83.950   7.35 -1.523 1.315 1.890
84.000   6.70 -1.512 1.300 1.900
84.050   5.67 -1.600 1.330 1.895
84.100   5.64 -1.547 1.360 1.890
84.150   7.41 -1.582 1.390 1.885
84.200   8.68 -1.506 1.420 1.880
84.250   7.75 -1.526 1.450 1.875
84.300   6.32 -1.614 1.480 1.870
84.350   5.59 -1.513 1.510 1.865
84.400   6.66 -1.524 1.540 1.860
84.450   7.33 -1.549 1.570 1.855
84.500   6.30 -1.528 1.600 1.850
84.550   5.02 -1.512 1.630 1.845
84.600   4.74 -1.523 1.660 1.840
84.650   5.66 -1.521 1.690 1.835
84.700   5.98 -1.562 1.720 1.830
84.750   4.90 -1.519 1.750 1.825
84.800   3.92 -1.609 1.780 1.820
84.850   4.14 -1.507 1.810 1.815
84.900   5.56 -1.509 1.840 1.810
84.950   6.48 -1.523 1.870 1.805
85.000   5.70 -1.546 1.900 1.800
85.050   4.42 -1.573 1.885 1.800
85.100   4.14 -1.500 1.870 1.800
85.150   5.46 -1.588 1.855 1.800
85.200   5.68 -1.611 1.840 1.800
85.250   4.70 -1.501 1.825 1.800
85.300   4.02 -1.558 1.810 1.800
85.350   5.04 -1.552 1.795 1.800
85.400   7.16 -1.544 1.780 1.800
85.450   7.78 -1.507 1.765 1.800
85.500   6.80 -1.574 1.750 1.800
85.550   5.56 -1.507 1.735 1.800
85.600   6.52 -1.519 1.720 1.800
85.650   8.48 -1.612 1.705 1.800
85.750   7.40 -1.523 1.675 1.800
85.800   6.26 -1.515 1.660 1.800
85.850   6.82 -1.556 1.645 1.800
85.900   8.48 -1.524 1.630 1.800
85.950   8.44 -1.627 1.615 1.800
86.000   6.40 -1.547 1.600 1.800
86.050   4.89 -1.523 1.600 1.785
86.100   5.38 -1.572 1.600 1.770
86.150   7.37 -1.626 1.600 1.755
86.200   7.56 -1.513 1.600 1.740
86.250   6.75 -1.605 1.600 1.725
86.300   5.74 -1.564 1.600 1.710
86.350   6.33 -1.548 1.600 1.695
86.400   7.72 -1.522 1.600 1.680
86.450   7.41 -1.540 1.600 1.665
86.500   6.40 -1.550 1.600 1.650
86.550   5.64 -1.529 1.600 1.635
86.600   6.68 -1.534 1.600 1.620
86.650   7.82 -1.504 1.600 1.605
86.700   7.76 -1.510 1.600 1.590
86.750   7.10 -1.534 1.600 1.575
86.800   6.94 -1.519 1.600 1.560
86.850   7.88 -1.544 1.600 1.545
86.900   8.52 -1.526 1.600 1.530
86.950   7.66 -1.530 1.600 1.515
87.000   6.60 -1.557 1.600 1.500
87.050   6.55 -1.537 1.595 1.520
87.100   7.70 -1.574 1.590 1.540
87.150   8.45 -1.545 1.585 1.560
87.200   7.10 -1.618 1.580 1.580
87.250   5.25 -1.507 1.575 1.600
87.300   5.10 -1.556 1.570 1.620
87.350   6.55 -1.608 1.565 1.640
87.400   7.80 -1.532 1.560 1.660
87.450   6.75 -1.548 1.555 1.680
87.500   5.40 -1.604 1.550 1.700
87.550   4.96 -1.510 1.545 1.720
87.600   6.52 -1.510 1.540 1.740
87.650   8.48 -1.591 1.535 1.760
87.700   7.64 -1.516 1.530 1.780
87.750   6.20 -1.557 1.525 1.800
87.800   5.76 -1.543 1.520 1.820
87.850   7.72 -1.515 1.515 1.840
87.900   9.88 -1.546 1.510 1.860
87.950   9.14 -1.541 1.505 1.880
88.000   6.80 -1.550 1.500 1.900
88.050   5.75 -1.565 1.480 1.890
88.100   7.40 -1.531 1.460 1.880
88.150  10.15 -1.507 1.440 1.870
88.200  10.10 -1.511 1.420 1.860
88.250   8.55 -1.533 1.400 1.850
88.300   7.70 -1.508 1.380 1.840
88.350   9.05 -1.506 1.360 1.830
88.400  11.50 -1.508 1.340 1.820
88.450  10.55 -1.543 1.320 1.810
88.500   8.20 -1.534 1.300 1.800
88.500   8.20 -1.555 1.300 1.800
