#lo_ghz dbm pll_if_power pa_0 pa_1
75.000 -10.70 -1.649 2.000 2.000
75.050 -10.72 -1.579 2.000 2.000
75.100  -9.44 -1.662 2.000 2.000
75.150  -7.66 -1.533 2.000 2.000
75.200  -6.58 -1.645 2.000 2.000
75.250  -6.60 -1.583 2.000 2.000
75.300  -6.86 -1.606 2.000 2.000
75.350  -5.62 -1.504 2.000 2.000
75.400  -3.28 -1.769 2.000 2.000
75.450  -2.34 -1.596 2.000 2.000
75.500  -2.40 -1.513 2.000 2.000
75.550  -2.96 -1.621 2.000 2.000
75.600  -2.92 -1.537 2.000 2.000
75.650  -2.08 -1.538 2.000 2.000
75.700  -1.74 -1.587 2.000 2.000
75.750  -2.70 -1.663 2.000 2.000
75.800  -4.10 -1.550 2.000 2.000
75.850  -4.50 -1.507 2.000 2.000
75.900  -4.10 -1.507 2.000 2.000
75.950  -4.00 -1.649 2.000 2.000
76.000  -4.60 -1.537 2.000 2.000
76.050  -5.51 -1.620 2.000 2.000
76.100  -5.92 -1.577 2.000 2.000
76.150  -5.83 -1.523 2.000 2.000
76.200  -6.04 -1.548 2.000 2.000
76.250  -6.65 -1.687 2.000 2.000
76.300  -7.36 -1.605 2.000 2.000
76.350  -7.27 -1.606 2.000 2.000
76.400  -6.88 -1.505 2.000 2.000
76.450  -6.69 -1.589 2.000 2.000
76.500  -7.00 -1.552 2.000 2.000
76.550  -7.67 -1.566 2.000 2.000
76.600  -7.64 -1.512 2.000 2.000
76.650  -7.91 -1.510 2.000 2.000
76.700  -8.48 -1.630 2.000 2.000
76.750  -9.65 -1.622 2.000 2.000
76.800 -10.48 -1.571 2.000 2.000
76.850 -10.31 -1.575 2.000 2.000
76.900  -9.64 -1.534 2.000 2.000
76.950  -9.67 -1.646 2.000 2.000
77.000 -10.10 -1.582 2.000 2.000
77.050 -10.44 -1.525 1.995 2.000
77.100  -9.99 -1.604 1.990 2.000
77.150  -9.63 -1.556 1.985 2.000
77.200 -10.08 -1.583 1.980 2.000
77.250 -10.82 -1.585 1.975 2.000
77.300 -11.17 -1.577 1.970 2.000
77.350 -10.41 -1.599 1.965 2.000
77.400  -9.46 -1.501 1.960 2.000
77.450  -9.30 -1.504 1.955 2.000
77.500  -9.65 -1.554 1.950 2.000
77.550 -10.02 -1.532 1.945 2.000
77.600  -9.58 -1.610 1.940 2.000
77.650  -8.85 -1.534 1.935 2.000
77.700  -8.51 -1.532 1.930 2.000
77.750  -8.38 -1.552 1.925 2.000
77.800  -8.54 -1.588 1.920 2.000
77.850  -8.11 -1.586 1.915 2.000
77.900  -7.37 -1.529 1.910 2.000
77.950  -7.14 -1.508 1.905 2.000
78.000  -7.20 -1.628 1.900 2.000
78.050  -7.50 -1.606 1.890 1.995
78.100  -7.69 -1.554 1.880 1.990
78.150  -7.79 -1.572 1.870 1.985
78.200  -8.18 -1.602 1.860 1.980
78.250  -8.58 -1.605 1.850 1.975
78.300  -8.97 -1.561 1.840 1.970
78.350  -8.97 -1.583 1.830 1.965
78.400  -9.26 -1.611 1.820 1.960
78.450 -10.16 -1.531 1.810 1.955
78.500 -11.05 -1.555 1.800 1.950
78.550 -11.37 -1.524 1.790 1.945
78.600 -11.18 -1.539 1.780 1.940
78.650 -11.40 -1.513 1.770 1.935
78.700 -11.71 -1.560 1.760 1.930
78.750 -12.13 -1.573 1.750 1.925
78.800 -11.82 -1.640 1.740 1.920
78.850 -11.12 -1.697 1.730 1.915
78.900 -11.31 -1.511 1.720 1.910
78.950 -11.91 -1.643 1.710 1.905
79.000 -12.80 -1.501 1.700 1.900
79.050 -12.24 -1.599 1.680 1.880
79.100 -11.07 -1.543 1.660 1.860
79.150 -10.01 -1.636 1.640 1.840
79.200  -9.94 -1.520 1.620 1.820
79.250  -9.78 -1.658 1.600 1.800
79.300  -8.89 -1.507 1.580 1.780
79.350  -6.91 -1.580 1.560 1.760
79.400  -5.62 -1.523 1.540 1.740
79.450  -4.94 -1.640 1.520 1.720
79.500  -5.25 -1.666 1.500 1.700
79.550  -4.90 -1.508 1.540 1.650
79.600  -3.36 -1.573 1.580 1.600
79.650  -1.91 -1.556 1.620 1.550
79.700  -1.27 -1.554 1.660 1.500
79.750  -1.22 -1.592 1.700 1.450
79.800  -0.96 -1.507 1.740 1.400
79.850   0.11 -1.526 1.780 1.350
79.900   1.27 -1.516 1.820 1.300
79.950   1.14 -1.585 1.860 1.250
80.000   0.10 -1.508 1.900 1.200
80.050  -0.60 -1.567 1.820 1.270
80.100  -0.50 -1.562 1.740 1.340
80.150   0.10 -1.667 1.660 1.410
80.200   0.00 -1.530 1.580 1.480
80.250  -0.80 -1.519 1.500 1.550
80.300  -1.40 -1.529 1.420 1.620
80.350  -1.40 -1.590 1.340 1.690
80.400  -1.50 -1.521 1.260 1.760
80.450  -1.80 -1.577 1.180 1.830
80.500  -2.40 -1.504 1.100 1.900
80.550  -2.23 -1.660 1.100 1.650
80.600  -1.46 -1.653 1.100 1.400
80.650  -0.89 -1.554 1.137 1.425
80.700  -0.82 -1.605 1.175 1.450
80.750  -1.35 -1.565 1.212 1.475
80.800  -1.58 -1.579 1.250 1.500
80.850  -1.81 -1.532 1.287 1.525
80.900  -2.24 -1.507 1.325 1.550
80.950  -3.27 -1.585 1.362 1.575
81.000  -4.10 -1.538 1.400 1.600
81.050  -3.77 -1.503 1.380 1.590
81.100  -2.64 -1.584 1.360 1.580
81.150  -2.41 -1.523 1.340 1.570
81.200  -3.18 -1.606 1.320 1.560
81.250  -4.55 -1.542 1.300 1.550
81.300  -4.44 -1.641 1.280 1.540
81.350  -3.83 -1.528 1.260 1.530
81.400  -3.62 -1.514 1.240 1.520
81.450  -4.51 -1.552 1.220 1.510
81.500  -5.90 -1.570 1.200 1.500
81.550  -6.17 -1.514 1.200 1.490
81.600  -4.84 -1.559 1.200 1.480
81.650  -4.11 -1.600 1.200 1.470
81.700  -5.08 -1.505 1.200 1.460
81.750  -6.65 -1.591 1.200 1.450
81.800  -7.34 -1.567 1.200 1.440
81.850  -6.23 -1.534 1.200 1.430
81.900  -4.82 -1.550 1.200 1.420
81.950  -4.81 -1.552 1.200 1.410
82.000  -5.60 -1.505 1.200 1.400
82.050  -5.66 -1.574 1.220 1.415
82.100  -4.43 -1.629 1.240 1.430
82.150  -3.19 -1.522 1.260 1.445
82.200  -3.06 -1.597 1.280 1.460
82.250  -4.52 -1.534 1.300 1.475
82.300  -5.35 -1.505 1.320 1.490
82.350  -4.37 -1.510 1.340 1.505
82.400  -3.10 -1.528 1.360 1.520
82.450  -2.92 -1.526 1.380 1.535
82.500  -4.05 -1.582 1.400 1.550
82.550  -4.91 -1.691 1.420 1.565
82.600  -4.68 -1.527 1.440 1.580
82.650  -3.54 -1.628 1.460 1.595
82.700  -3.61 -1.526 1.480 1.610
82.750  -4.57 -1.518 1.500 1.625
82.800  -5.98 -1.573 1.520 1.640
82.850  -6.28 -1.520 1.540 1.655
82.900  -5.89 -1.578 1.560 1.670
82.950  -6.19 -1.569 1.580 1.685
83.000  -7.10 -1.718 1.600 1.700
83.050  -8.25 -1.544 1.585 1.710
83.100  -7.70 -1.530 1.570 1.720
83.150  -6.95 -1.544 1.555 1.730
83.200  -6.60 -1.602 1.540 1.740
83.250  -7.15 -1.555 1.525 1.750
83.300  -7.84 -1.610 1.510 1.760
83.350  -7.53 -1.605 1.495 1.770
83.400  -6.92 -1.536 1.480 1.780
83.450  -6.61 -1.532 1.465 1.790
83.500  -7.20 -1.577 1.450 1.800
83.550  -7.35 -1.509 1.435 1.810
83.600  -6.40 -1.556 1.420 1.820
83.650  -4.75 -1.617 1.405 1.830
83.700  -3.90 -1.511 1.390 1.840
83.750  -3.55 -1.523 1.375 1.850
83.800  -2.80 -1.607 1.360 1.860
83.850  -1.35 -1.593 1.345 1.870
83.900  -0.00 -1.527 1.330 1.880
83.950   0.75 -1.525 1.315 1.890
84.000   0.80 -1.512 1.300 1.900
84.050   1.21 -1.545 1.330 1.895
84.100   2.62 -1.585 1.360 1.890
84.150   3.93 -1.509 1.390 1.885
84.200   4.64 -1.587 1.420 1.880
84.250   4.25 -1.569 1.450 1.875
84.300   3.66 -1.508 1.480 1.870
84.350   3.87 -1.506 1.510 1.865
84.400   3.98 -1.529 1.540 1.860
84.450   3.39 -1.541 1.570 1.855
84.500   2.30 -1.584 1.600 1.850
84.550   1.20 -1.621 1.630 1.845
84.600   0.70 -1.578 1.660 1.840
84.650   0.60 -1.519 1.690 1.835
84.700   0.10 -1.586 1.720 1.830
84.750  -0.70 -1.546 1.750 1.825
84.800  -0.86 -1.549 1.780 1.820
84.850  -0.42 -1.577 1.810 1.815
84.900   0.22 -1.503 1.840 1.810
84.950  -0.04 -1.628 1.870 1.805
85.000  -1.10 -1.570 1.900 1.800
85.050  -2.08 -1.548 1.885 1.800
85.100  -2.16 -1.611 1.870 1.800
85.150  -2.24 -1.531 1.855 1.800
85.200  -2.62 -1.527 1.840 1.800
85.250  -3.00 -1.518 1.825 1.800
85.300  -3.02 -1.565 1.810 1.800
85.350  -2.14 -1.532 1.795 1.800
85.400  -1.36 -1.594 1.780 1.800
85.450  -1.38 -1.512 1.765 1.800
85.500  -2.00 -1.517 1.750 1.800
85.550  -2.06 -1.606 1.735 1.800
85.600  -1.62 -1.526 1.720 1.800
85.650  -0.98 -1.510 1.705 1.800
85.700  -1.14 -1.541 1.690 1.800
85.750  -2.00 -1.544 1.675 1.800
85.800  -2.64 -1.559 1.660 1.800
85.850  -2.68 -1.536 1.645 1.800
85.900  -2.42 -1.580 1.630 1.800
85.950  -3.06 -1.523 1.615 1.800
86.000  -4.20 -1.553 1.600 1.800
86.050  -4.66 -1.581 1.600 1.785
86.100  -4.23 -1.638 1.600 1.770
86.150  -3.49 -1.642 1.600 1.755
86.200  -3.46 -1.569 1.600 1.740
86.250  -3.92 -1.541 1.600 1.725
86.300  -4.47 -1.625 1.600 1.710
86.350  -4.71 -1.558 1.600 1.695
86.400  -4.76 -1.588 1.600 1.680
86.450  -5.10 -1.501 1.600 1.665
86.500  -5.35 -1.503 1.600 1.650
86.550  -5.02 -1.557 1.600 1.635
86.600  -4.78 -1.507 1.600 1.620
86.650  -4.15 -1.600 1.600 1.605
86.700  -3.81 -1.619 1.600 1.590
86.750  -3.88 -1.519 1.600 1.575
86.800  -3.94 -1.584 1.600 1.560
86.850  -4.11 -1.539 1.600 1.545
86.900  -4.67 -1.500 1.600 1.530
86.950  -5.44 -1.527 1.600 1.515
87.000  -5.80 -1.508 1.600 1.500
87.050  -5.28 -1.537 1.595 1.520
87.100  -4.36 -1.592 1.590 1.540
87.150  -4.14 -1.541 1.585 1.560
87.200  -4.82 -1.601 1.580 1.580
87.250  -5.10 -1.633 1.575 1.600
87.300  -4.74 -1.573 1.570 1.620
87.350  -4.28 -1.570 1.565 1.640
87.400  -4.52 -1.502 1.560 1.660
87.450  -5.66 -1.610 1.555 1.680
87.500  -6.30 -1.595 1.550 1.700
87.550  -5.78 -1.663 1.545 1.720
87.600  -4.66 -1.523 1.540 1.740
87.650  -3.84 -1.539 1.535 1.760
87.700  -4.22 -1.508 1.530 1.780
87.750  -4.50 -1.561 1.525 1.800
87.800  -3.50 -1.587 1.520 1.820
87.850  -2.20 -1.501 1.515 1.840
87.900  -1.50 -1.514 1.510 1.860
87.950  -2.30 -1.548 1.505 1.880
88.000  -3.10 -1.539 1.500 1.900
88.050  -2.32 -1.597 1.480 1.890
88.100  -0.64 -1.533 1.460 1.880
88.150   0.84 -1.500 1.440 1.870
88.200   1.42 -1.540 1.420 1.860
88.250   1.50 -1.511 1.400 1.850
88.300   2.80 -1.630 1.380 1.840
88.350   4.70 -1.612 1.360 1.830
88.400   5.00 -1.121 1.340 1.820
88.450   5.00 -1.216 1.320 1.810
88.500   4.90 -1.512 1.300 1.800
