#lo_ghz dbm pll_if_power pa_0 pa_1
221.000 -17.70 -1.509 2.500 2.498
222.000 -17.20 -1.399 2.497 2.498
223.000 -17.30 -1.523 2.161 2.498
224.000 -16.60 -1.535 2.335 2.498
225.000 -15.70 -1.494 2.499 2.499
226.000 -18.32 -1.512 2.095 2.254
227.000 -17.95 -1.513 1.857 2.235
228.000 -16.57 -1.527 1.825 2.490
229.000 -16.20 -1.500 2.069 2.500
230.000 -16.10 -1.497 2.290 2.293
231.000 -16.00 -1.275 1.960 2.154
232.000 -17.10 -1.532 1.819 1.968
233.000 -15.80 -1.518 1.803 2.496
234.000 -15.38 -1.460 1.857 2.494
235.000 -14.95 -1.433 1.952 2.493
236.000 -14.53 -1.250 1.977 2.491
237.000 -14.10 -1.497 1.904 2.500
238.000 -14.50 -1.516 1.996 2.500
239.000 -13.70 -1.044 2.058 2.421
240.000 -13.50 -1.048 1.874 2.175
241.000 -13.30 -1.505 1.544 2.498
242.000 -12.78 -1.398 2.318 2.485
243.000 -12.95 -1.537 1.923 2.491
244.000 -12.33 -1.534 1.711 2.492
245.000 -11.20 -1.535 1.552 2.073
246.000 -12.20 -1.540 1.613 2.268
247.000 -14.20 -1.509 1.828 2.495
248.000 -13.00 -1.529 2.155 2.493
249.000 -13.20 -1.516 2.269 2.429
250.000 -13.90 -1.518 1.634 2.401
251.000 -13.60 -1.089 1.500 2.354
252.000 -13.80 -1.170 1.745 2.386
253.000 -14.00 -1.517 1.904 2.211
254.000 -13.60 -1.279 1.853 2.079
255.000 -13.80 -1.547 1.938 2.035
256.000 -13.40 -1.538 1.847 2.178
257.000 -12.40 -1.520 1.785 2.370
258.000 -13.50 -1.522 1.848 2.031
259.000 -12.90 -1.504 1.636 1.907
260.000 -13.00 -1.528 1.590 1.824
261.000  -8.80 -1.530 1.944 1.979
262.000 -11.63 -1.513 2.075 2.103
263.000  -9.05 -1.526 2.164 2.165
264.000 -11.18 -1.512 2.115 1.961
264.200  -9.70 -1.514 1.942 1.845
264.400  -9.00 -1.513 1.825 1.826
264.600  -9.20 -1.540 1.756 1.953
264.800  -7.60 -1.504 2.050 1.914
264.850  -6.60 -1.519 1.991 1.884
264.900  -5.50 -1.503 1.942 1.875
264.950  -3.90 -1.513 1.923 1.855
265.000  -1.30 -1.501 1.883 1.865

