#lo_ghz dbm pll_if_power pa_0 pa_1
220.000 -19.20 -1.513 2.118 2.390
220.200 -19.86 -1.519 2.255 2.488
220.400 -18.62 -1.530 2.500 2.498
220.600 -16.88 -1.511 2.392 2.498
220.800 -17.44 -1.518 2.284 2.498
221.000 -18.40 -1.535 2.500 2.488
221.200 -18.08 -1.528 2.491 2.496
221.400 -17.96 -1.525 2.493 2.494
221.600 -18.84 -1.522 2.210 2.496
221.800 -18.32 -1.526 2.486 2.492
222.000 -17.50 -1.502 2.497 2.498
222.200 -17.60 -1.521 2.494 2.500
222.400 -18.10 -1.515 2.228 2.493
222.600 -17.10 -1.525 2.039 2.239
222.800 -16.80 -1.502 2.232 2.497
223.000 -18.10 -1.502 2.190 2.498
223.200 -18.50 -1.502 2.204 2.480
223.400 -17.40 -1.526 1.992 2.189
223.600 -17.50 -1.538 2.004 2.197
223.800 -19.00 -1.517 2.176 2.495
224.000 -18.40 -1.526 2.374 2.498
224.200 -16.90 -1.532 2.495 2.463
224.400 -17.40 -1.518 2.499 2.468
224.600 -19.10 -1.510 2.492 2.499
224.800 -18.40 -1.507 2.496 2.489
225.000 -17.20 -1.501 2.499 2.499
225.200 -18.36 -1.514 2.499 2.495
225.400 -20.03 -1.529 2.449 2.491
225.600 -19.19 -1.521 2.415 2.499
225.800 -18.06 -1.524 2.133 2.293
226.000 -19.22 -1.504 2.135 2.293
226.200 -20.01 -1.510 2.079 2.495
226.400 -18.59 -1.508 2.150 2.491
226.600 -17.58 -1.525 2.237 2.211
226.800 -18.66 -1.538 1.925 2.095
227.000 -19.25 -1.523 1.887 2.225
227.200 -18.41 -1.507 1.896 2.478
227.400 -18.28 -1.531 2.122 2.044
227.600 -19.14 -1.527 1.872 2.014
227.800 -18.91 -1.512 1.863 2.168
228.000 -17.97 -1.527 1.845 2.490
228.200 -18.04 -1.511 2.094 2.232
228.400 -18.10 -1.501 2.136 1.933
228.600 -17.17 -1.509 2.114 2.021
228.800 -16.73 -1.534 2.009 2.496
229.000 -17.40 -1.512 2.118 2.500
229.200 -17.52 -1.521 2.118 2.025
229.400 -17.04 -1.516 2.100 1.962
229.600 -17.56 -1.525 2.050 2.490
229.800 -18.08 -1.508 2.017 2.499
230.000 -17.20 -1.536 2.339 2.332
230.200 -16.28 -1.511 1.982 2.293
230.400 -16.76 -1.534 1.970 2.499
230.600 -17.04 -1.532 1.983 2.495
230.800 -16.22 -1.537 2.046 2.388
231.000 -16.10 -1.531 1.990 2.193
231.200 -17.78 -1.506 2.036 2.343
231.400 -18.56 -1.504 1.906 2.491
231.600 -17.74 -1.503 1.904 2.497
231.800 -17.32 -1.501 1.798 2.066
232.000 -17.90 -1.514 1.838 2.007
232.200 -17.58 -1.513 1.891 2.497
232.400 -16.36 -1.510 1.913 2.487
232.600 -16.04 -1.533 1.873 2.247
232.800 -16.82 -1.507 1.867 2.131
233.000 -16.80 -1.532 1.813 2.496
233.200 -16.56 -1.504 1.961 2.494
233.400 -16.91 -1.508 2.080 2.491
233.600 -17.27 -1.510 1.879 2.063
233.800 -16.92 -1.512 1.917 2.495
234.000 -16.48 -1.511 1.867 2.494
234.200 -16.27 -1.530 2.008 2.499
234.400 -15.97 -1.505 2.012 2.496
234.600 -15.76 -1.507 2.002 2.427
234.800 -16.06 -1.500 1.943 2.499
235.000 -16.05 -1.527 1.972 2.493
235.200 -15.67 -1.514 2.132 2.495
235.400 -15.88 -1.516 2.077 2.016
235.600 -16.40 -1.531 2.058 2.010
235.800 -15.81 -1.532 1.988 2.496
236.000 -14.73 -1.511 1.997 2.491
236.200 -14.90 -1.517 1.802 1.880
236.400 -15.68 -1.507 1.783 1.817
236.600 -14.95 -1.503 1.798 2.499
236.800 -13.93 -1.510 1.817 2.494
237.000 -14.60 -1.503 1.914 2.500
237.200 -15.64 -1.507 1.829 1.983
237.400 -14.98 -1.505 1.772 2.494
237.600 -14.02 -1.530 1.803 2.492
237.800 -14.76 -1.523 2.075 2.496
238.000 -15.40 -1.531 2.006 2.500
238.200 -14.38 -1.508 1.870 2.496
238.400 -13.56 -1.521 1.824 2.491
238.600 -14.34 -1.510 2.492 2.493
238.800 -14.82 -1.512 2.098 2.491
239.000 -13.70 -1.505 2.067 2.499
239.200 -13.06 -1.516 1.938 2.491
239.400 -13.72 -1.512 1.947 2.493
239.600 -13.88 -1.527 1.958 2.491
239.800 -13.14 -1.509 1.961 2.152
240.000 -13.20 -1.514 1.884 2.224
240.200 -13.96 -1.506 1.696 2.487
240.400 -13.92 -1.515 1.774 2.495
240.600 -13.48 -1.516 1.596 2.030
240.800 -13.64 -1.534 1.575 1.995
241.000 -13.70 -1.524 1.554 2.498
241.200 -13.12 -1.525 1.990 2.500
241.400 -12.93 -1.524 1.682 2.295
241.600 -13.35 -1.510 1.665 2.479
241.800 -13.16 -1.507 1.673 2.492
242.000 -12.88 -1.516 2.288 2.495
242.200 -13.75 -1.502 1.827 2.490
242.400 -14.33 -1.534 1.808 2.496
242.600 -13.60 -1.536 1.830 2.498
242.800 -12.98 -1.522 1.965 2.499
243.000 -13.75 -1.509 1.933 2.491
243.200 -13.89 -1.511 1.851 2.500
243.400 -12.62 -1.510 1.965 2.489
243.600 -12.06 -1.516 2.018 2.498
243.800 -13.29 -1.525 2.246 2.497
244.000 -13.63 -1.504 1.711 2.492
244.200 -12.42 -1.537 1.763 2.339
244.400 -12.42 -1.506 1.894 2.207
244.600 -13.71 -1.534 2.476 2.437
244.800 -13.51 -1.514 1.803 2.422
245.000 -12.20 -1.527 1.572 2.112
245.200 -12.50 -1.504 1.693 2.235
245.400 -13.70 -1.506 2.128 2.495
245.600 -13.10 -1.536 1.916 2.499
245.800 -12.20 -1.504 1.508 2.298
246.000 -12.90 -1.535 1.633 2.336
246.200 -13.90 -1.503 1.728 2.493
246.400 -13.00 -1.532 1.892 2.493
246.600 -12.50 -1.504 1.629 2.498
246.800 -13.40 -1.535 1.734 2.497
247.000 -13.70 -1.528 1.828 2.495
247.200 -12.58 -1.546 1.991 2.494
247.400 -12.56 -1.516 1.782 2.494
247.600 -13.84 -1.528 1.534 2.494
247.800 -13.82 -1.521 1.854 2.493
248.000 -12.70 -1.544 2.125 2.493
248.200 -13.08 -1.537 2.053 2.493
248.400 -14.46 -1.527 1.539 2.494
248.600 -14.14 -1.503 1.503 2.405
248.800 -13.12 -1.502 1.837 2.452
249.000 -13.70 -1.516 2.240 2.498
249.200 -14.74 -1.506 1.611 2.498
249.400 -13.88 -1.533 1.374 2.165
249.600 -12.92 -1.542 1.596 2.359
249.800 -13.76 -1.530 1.924 2.346
250.000 -14.50 -1.530 1.625 2.499
250.200 -13.58 -1.509 1.430 2.135
250.400 -12.76 -1.533 1.433 2.212
250.600 -13.64 -1.519 1.800 2.450
250.800 -14.12 -1.505 1.856 2.495
251.000 -13.30 -1.522 1.500 2.433
251.200 -12.86 -1.545 1.510 2.380
251.400 -13.52 -1.525 1.902 2.493
251.600 -13.28 -1.549 2.287 2.487
251.800 -12.74 -1.530 1.810 2.456
252.000 -12.80 -1.511 1.745 2.474
252.200 -13.20 -1.501 1.892 2.494
252.400 -12.70 -1.540 2.497 2.494
252.600 -12.60 -1.521 2.206 2.496
252.800 -12.80 -1.538 1.899 2.265
253.000 -12.80 -1.510 1.895 2.240
253.200 -12.34 -1.545 1.972 2.486
253.400 -12.88 -1.525 2.198 2.477
253.600 -13.32 -1.547 1.884 2.333
253.800 -12.86 -1.518 1.736 1.912
254.000 -12.50 -1.526 1.853 2.099
254.200 -13.38 -1.525 1.931 2.184
254.400 -13.66 -1.532 1.705 2.269
254.600 -12.64 -1.530 1.761 1.933
254.800 -12.42 -1.542 1.766 1.862
255.000 -13.70 -1.517 1.947 2.045
255.200 -14.00 -1.502 1.724 2.184
255.400 -12.60 -1.546 1.597 2.175
255.600 -12.60 -1.512 1.777 1.911
255.800 -13.80 -1.531 1.851 2.030
256.000 -14.00 -1.507 1.837 2.217
256.200 -12.62 -1.550 1.666 2.491
256.400 -12.74 -1.525 1.740 2.235
256.600 -13.66 -1.544 1.867 2.167
256.800 -13.38 -1.537 1.899 2.250
257.000 -12.30 -1.525 1.785 2.419
257.200 -12.72 -1.514 1.861 2.110
257.400 -13.54 -1.536 2.014 2.085
257.600 -13.26 -1.548 2.142 2.158
257.800 -12.68 -1.539 1.892 2.066
258.000 -13.00 -1.546 1.848 2.041
258.200 -13.30 -1.508 2.072 1.936
258.400 -12.70 -1.503 2.061 2.026
258.600 -12.20 -1.511 2.175 2.069
258.800 -12.00 -1.527 1.612 2.052
259.000 -11.90 -1.504 1.636 1.917
259.200 -11.98 -1.512 1.787 1.751
259.400 -12.56 -1.514 1.792 1.938
259.600 -12.44 -1.513 1.668 2.011
259.800 -12.02 -1.526 1.433 2.000
260.000 -12.20 -1.552 1.590 1.833
260.200 -12.64 -1.524 1.770 1.874
260.400 -11.38 -1.522 1.831 1.985
260.600  -9.62 -1.529 1.824 2.134
260.800  -9.06 -1.507 1.806 2.130
261.000  -8.80 -1.533 1.953 2.009
261.200  -8.17 -1.515 2.288 1.975
261.400  -8.83 -1.512 1.955 1.932
261.600 -11.10 -1.531 1.887 2.114
261.800 -12.36 -1.529 1.883 2.118
262.000 -11.53 -1.502 2.075 2.122
262.200 -11.13 -1.535 2.062 1.945
262.400 -12.24 -1.501 1.822 1.924
262.600 -11.94 -1.518 1.770 2.014
262.800  -9.65 -1.504 1.785 2.158
263.000  -8.25 -1.516 2.174 2.184
263.200  -9.06 -1.511 2.060 1.956
263.400  -9.26 -1.501 1.799 1.887
263.600  -8.77 -1.505 1.804 1.920
263.800  -9.70 -1.528 1.956 2.100
264.000 -11.20 -1.527 2.115 1.961
264.200 -10.70 -1.525 1.942 1.855
264.400  -9.40 -1.526 1.825 1.835
264.600  -8.80 -1.523 1.756 1.963
264.800  -7.20 -1.504 2.040 1.904
264.850  -6.30 -1.521 2.001 1.884
264.900  -5.20 -1.520 1.952 1.875
264.950  -3.50 -1.507 1.923 1.865
265.000   0.30 -1.501 1.883 1.875
