#lo_ghz dbm pll_if_power pa_0 pa_1
220.000   9.90 -1.514 2.118 2.380
221.000  11.40 -1.510 2.500 2.498
222.000  11.20 -1.516 2.497 2.498
223.000  12.70 -1.519 2.190 2.498
224.000  11.90 -1.507 2.374 2.498
225.000  11.40 -1.528 2.499 2.499
226.000  10.30 -1.528 2.135 2.293
227.000  11.20 -1.515 1.877 2.225
228.000  11.70 -1.511 1.855 2.490
229.000  13.10 -1.536 2.099 2.500
230.000  12.40 -1.522 2.339 2.332
231.000  12.70 -1.521 1.980 2.183
232.000  12.40 -1.510 1.829 1.998
233.000  13.30 -1.522 1.813 2.496
234.000  13.10 -1.523 1.867 2.494
235.000  13.20 -1.521 1.972 2.493
236.000  13.40 -1.500 1.987 2.491
237.000  14.00 -1.284 1.924 2.500
238.000  14.00 -1.333 1.996 2.500
239.000  14.00 -1.200 2.058 2.499
240.000  14.00 -1.189 1.874 2.253
241.000  14.00 -1.266 1.544 2.498
242.000  14.00 -1.171 2.288 2.495
243.000  14.00 -1.230 1.933 2.491
244.000  14.00 -1.239 1.711 2.482
245.000  13.90 -1.514 1.562 2.132
246.000  13.40 -1.526 1.623 2.376
247.000  13.20 -1.522 1.828 2.495
248.000  13.00 -1.506 2.135 2.493
249.000  12.80 -1.514 2.250 2.498
250.000  12.60 -1.525 1.634 2.499
251.000  12.30 -1.510 1.500 2.492
252.000  12.80 -1.513 1.745 2.494
253.000  12.60 -1.533 1.904 2.289
254.000  12.60 -1.548 1.853 2.128
255.000  12.10 -1.547 1.947 2.074
256.000  12.40 -1.509 1.837 2.237
257.000  12.80 -1.546 1.785 2.478
258.000  12.30 -1.545 1.848 2.060
259.000  13.70 -1.546 1.636 1.926
260.000  13.00 -1.510 1.590 1.843
261.000  14.00 -0.575 1.944 2.009
262.000  14.00 -1.508 2.075 2.132
263.000  14.00 -0.576 2.174 2.194
264.000  14.00 -0.824 2.115 1.971
