#lo_ghz dbm pll_if_power pa_0 pa_1
221.000 -13.40 -1.540 2.500 2.498
221.100 -13.22 -1.502 2.496 2.482
221.200 -13.14 -1.624 2.491 2.496
221.300 -13.46 -1.740 2.487 2.490
221.400 -14.28 -1.583 2.493 2.494
221.500 -14.90 -1.596 2.498 2.498
221.600 -15.22 -1.505 2.288 2.496
221.700 -15.04 -1.549 2.314 2.494
221.800 -14.86 -1.547 2.496 2.492
221.900 -14.68 -1.523 2.491 2.500
222.000 -14.90 -1.565 2.497 2.488
222.100 -15.32 -1.586 2.491 2.494
222.200 -15.84 -1.584 2.494 2.490
222.300 -15.96 -1.505 2.498 2.496
222.400 -15.58 -1.584 2.384 2.453
222.500 -15.10 -1.716 2.211 2.273
222.600 -14.95 -1.514 2.146 2.181
222.700 -15.10 -1.533 2.209 2.196
222.800 -15.55 -1.515 2.321 2.496
222.900 -15.90 -1.629 2.324 2.492
223.000 -15.85 -1.579 2.328 2.498
223.100 -15.32 -1.565 2.448 2.484
223.200 -14.59 -1.551 2.332 2.373
223.300 -14.16 -1.570 2.137 2.222
223.400 -14.13 -1.538 2.041 2.130
223.500 -14.70 -1.503 2.013 2.126
223.600 -15.29 -1.667 2.034 2.158
223.700 -15.88 -1.543 2.085 2.434
223.800 -15.37 -1.698 2.116 2.475
223.900 -14.56 -1.543 2.167 2.497
224.000 -13.75 -1.648 2.296 2.499
224.100 -13.50 -1.537 2.249 2.393
224.200 -13.55 -1.573 2.231 2.356
224.300 -14.20 -1.545 2.232 2.387
224.400 -14.65 -1.622 2.224 2.438
224.500 -14.50 -1.517 2.167 2.499
224.600 -13.48 -1.573 2.139 2.499
224.700 -11.96 -1.545 2.171 2.489
224.800 -10.84 -1.585 2.290 2.499
224.900 -10.22 -1.617 2.341 2.499
225.000 -10.20 -1.612 2.411 2.499
225.100 -10.80 -1.528 2.484 2.492
225.200 -11.10 -1.528 2.499 2.476
225.300 -10.70 -1.524 2.494 2.498
225.400  -9.40 -1.615 2.430 2.491
225.500  -7.90 -1.573 2.346 2.494
225.600  -7.04 -1.517 2.308 2.489
225.700  -6.58 -1.555 2.289 2.494
225.800  -6.63 -1.514 2.133 2.274
225.900  -7.07 -1.532 2.124 2.180
226.000  -7.11 -1.503 2.134 2.224
226.100  -6.13 -1.535 2.072 2.306
226.200  -4.75 -1.592 2.059 2.495
226.300  -3.26 -1.528 2.115 2.498
226.400  -2.48 -1.618 2.180 2.491
226.500  -2.20 -1.695 2.275 2.494
226.600  -2.80 -1.508 2.256 2.201
226.700  -3.40 -1.538 1.983 2.104
226.800  -3.70 -1.577 1.944 2.095
226.900  -3.40 -1.527 1.955 2.145
227.000  -2.80 -1.519 1.907 2.205
227.100  -2.46 -1.512 1.882 2.253
227.200  -2.42 -1.550 1.896 2.458
227.300  -3.08 -1.660 2.058 2.310
227.400  -4.04 -1.630 2.239 2.054
227.500  -4.90 -1.560 2.057 1.975
227.600  -5.25 -1.564 1.911 1.994
227.700  -5.10 -1.530 1.892 2.061
227.800  -4.65 -1.542 1.942 2.119
227.900  -4.60 -1.523 2.011 2.285
228.000  -4.65 -1.561 2.012 2.500
228.100  -5.06 -1.598 2.048 2.493
228.200  -5.87 -1.502 2.290 2.221
228.300  -6.18 -1.544 2.493 2.058
228.400  -6.29 -1.651 2.489 1.923
228.500  -6.30 -1.614 2.496 1.926
228.600  -6.24 -1.694 2.467 1.982
228.700  -6.58 -1.550 2.458 2.156
228.800  -6.92 -1.597 2.400 2.496
228.900  -7.26 -1.553 2.313 2.493
229.000  -7.60 -1.546 2.333 2.500
229.100  -7.55 -1.571 2.471 2.116
229.200  -7.29 -1.628 2.315 1.996
229.300  -7.24 -1.524 2.305 1.945
229.400  -7.18 -1.682 2.276 1.973
229.500  -7.53 -1.509 2.208 2.098
229.600  -7.89 -1.525 2.167 2.470
229.700  -8.06 -1.543 2.156 2.500
229.800  -8.22 -1.606 2.214 2.490
229.900  -8.29 -1.631 2.398 2.489
230.000  -8.65 -1.528 2.495 2.283
230.100  -9.22 -1.584 2.258 2.254
230.200  -9.88 -1.524 2.119 2.283
230.300 -10.65 -1.511 2.157 2.469
230.400 -10.91 -1.746 2.204 2.489
230.500 -10.98 -1.541 2.242 2.499
230.600 -10.55 -1.576 2.278 2.455
230.700 -10.13 -1.518 2.363 2.490
230.800  -9.90 -1.515 2.477 2.320
230.900 -10.18 -1.545 2.493 2.110
231.000 -10.55 -1.612 2.343 2.164
231.100 -10.90 -1.738 2.420 2.160
231.200 -10.96 -1.697 2.418 2.313
231.300 -10.71 -1.649 2.339 2.495
231.400 -10.27 -1.700 2.170 2.491
231.500 -10.12 -1.658 2.100 2.497
231.600 -10.40 -1.537 2.150 2.497
231.700 -10.78 -1.633 2.180 2.350
231.800 -11.65 -1.562 2.023 2.046
231.900 -12.03 -1.606 2.004 1.929
232.000 -11.91 -1.501 2.093 1.978
232.100 -11.02 -1.530 2.197 2.154
232.200 -10.14 -1.570 2.243 2.497
232.300  -9.85 -1.518 2.220 2.497
232.400  -9.77 -1.521 2.363 2.496
232.500  -9.98 -1.571 2.497 2.496
232.600 -10.54 -1.508 2.333 2.149
232.700 -10.71 -1.539 2.316 1.998
232.800 -10.47 -1.620 2.465 2.033
232.900  -9.84 -1.511 2.242 2.167
233.000  -9.20 -1.656 2.235 2.496
233.100  -8.90 -1.612 2.431 2.465
233.200  -8.90 -1.541 2.491 2.484
233.300  -8.90 -1.598 2.472 2.492
233.400  -9.00 -1.529 2.433 2.491
233.500  -8.80 -1.571 2.483 2.098
233.600  -8.28 -1.578 2.389 2.014
233.700  -7.66 -1.533 2.423 2.176
233.800  -7.24 -1.503 2.457 2.426
233.900  -7.02 -1.531 2.481 2.499
234.000  -7.20 -1.513 2.495 2.494
234.100  -7.50 -1.638 2.492 2.497
234.200  -8.10 -1.502 2.498 2.500
234.300  -8.10 -1.527 2.485 2.493
234.400  -8.20 -1.592 2.492 2.437
234.500  -8.00 -1.627 2.499 2.449
234.600  -8.24 -1.500 2.493 2.339
234.700  -8.38 -1.596 2.497 2.375
234.800  -8.42 -1.611 2.492 2.489
234.900  -8.66 -1.648 2.477 2.496
235.000  -8.90 -1.556 2.462 2.493
235.100  -8.94 -1.616 2.488 2.494
235.200  -9.28 -1.513 2.494 2.495
235.300  -9.62 -1.522 2.491 2.456
235.400 -10.06 -1.529 2.488 2.065
235.500 -10.50 -1.672 2.465 1.948
235.600 -10.78 -1.710 2.401 2.030
235.700 -10.86 -1.694 2.317 2.346
235.800 -10.94 -1.617 2.263 2.476
235.900 -11.32 -1.504 2.159 2.489
236.000 -11.50 -1.579 2.291 2.482
236.100 -11.72 -1.569 2.164 2.279
236.200 -11.94 -1.532 1.979 1.899
236.300 -12.06 -1.520 1.911 1.784
236.400 -11.58 -1.518 1.921 1.836
236.500 -11.30 -1.529 1.922 2.114
236.600 -10.96 -1.501 1.956 2.499
236.700 -11.02 -1.557 1.960 2.492
236.800 -11.48 -1.501 1.984 2.494
236.900 -11.94 -1.525 2.214 2.487
237.000 -12.40 -1.578 2.208 2.490
237.100 -12.30 -1.546 2.200 2.089
237.200 -11.60 -1.715 2.103 2.002
237.300 -10.80 -1.514 1.977 2.091
237.400 -10.30 -1.561 1.930 2.474
237.500 -10.00 -1.583 1.970 2.495
237.600  -9.92 -1.655 1.999 2.492
237.700 -10.04 -1.556 2.184 2.499
237.800  -9.96 -1.606 2.488 2.496
237.900  -9.08 -1.565 2.477 2.493
238.000  -7.70 -1.542 2.339 2.490
238.100  -6.32 -1.618 2.203 2.493
238.200  -5.44 -1.511 2.057 2.427
238.300  -4.96 -1.504 1.941 2.488
238.400  -5.08 -1.625 1.942 2.481
238.500  -5.60 -1.505 2.140 2.494
238.600  -5.55 -1.543 2.472 2.483
238.700  -4.70 -1.572 2.472 2.492
238.800  -3.35 -1.516 2.432 2.491
238.900  -2.30 -1.500 2.362 2.500
239.000  -1.25 -1.667 2.293 2.332
239.100  -0.92 -1.680 2.155 2.324
239.200  -1.19 -1.546 2.046 2.423
239.300  -1.46 -1.520 1.938 2.492
239.400  -1.13 -1.587 2.045 2.483
239.500  -0.20 -1.594 2.201 2.494
239.600   0.46 -1.509 2.075 2.462
239.700   1.32 -1.529 2.057 2.194
239.800   1.18 -1.562 2.088 2.073
239.900   0.54 -1.501 2.079 2.041
240.000  -0.40 -1.517 2.002 2.136
240.100  -1.14 -1.536 1.903 2.429
240.200  -1.38 -1.546 1.804 2.497
240.300  -1.22 -1.555 1.872 2.496
240.400  -0.46 -1.661 1.920 2.485
240.500  -0.20 -1.523 1.763 2.161
240.600  -0.06 -1.539 1.703 1.932
240.700  -0.52 -1.642 1.703 1.841
240.800  -1.08 -1.678 1.663 1.897
240.900  -1.54 -1.675 1.643 2.090
241.000  -1.80 -1.565 1.652 2.410
241.100  -1.86 -1.508 1.782 2.484
241.200  -1.72 -1.534 2.334 2.500
241.300  -1.98 -1.538 2.072 2.358
241.400  -2.24 -1.573 1.781 2.099
241.500  -2.40 -1.576 1.734 2.017
241.600  -2.82 -1.542 1.753 2.205
241.700  -2.55 -1.521 1.713 2.490
241.800  -2.07 -1.620 1.731 2.472
241.900  -1.60 -1.623 1.848 2.494
242.000  -1.32 -1.624 2.494 2.495
242.100  -1.44 -1.523 2.489 2.493
242.200  -1.75 -1.538 1.866 2.432
242.300  -1.97 -1.532 1.812 2.292
242.400  -2.18 -1.506 1.827 2.446
242.500  -2.40 -1.631 1.842 2.493
242.600  -2.68 -1.619 1.840 2.498
242.700  -3.36 -1.501 1.820 2.494
242.800  -3.74 -1.584 1.916 2.499
242.900  -4.32 -1.670 2.209 2.495
243.000  -4.70 -1.609 1.963 2.491
243.100  -4.54 -1.517 1.829 2.500
243.200  -4.08 -1.556 1.881 2.500
243.300  -3.62 -1.578 1.972 2.323
243.400  -3.46 -1.590 2.083 2.195
243.500  -3.90 -1.509 2.164 2.253
243.600  -4.55 -1.512 2.234 2.390
243.700  -5.30 -1.556 2.489 2.498
243.800  -5.55 -1.551 2.490 2.487
243.900  -5.30 -1.547 2.217 2.497
244.000  -4.85 -1.558 1.874 2.496
244.100  -4.82 -1.522 1.799 2.363
244.200  -4.89 -1.606 1.870 2.140
244.300  -5.76 -1.568 1.941 2.046
244.400  -6.63 -1.533 2.023 2.030
244.500  -7.30 -1.573 2.231 2.092
244.600  -7.10 -1.570 2.471 2.152
244.700  -6.30 -1.526 2.486 2.213
244.800  -5.50 -1.521 1.883 2.136
244.900  -5.10 -1.591 1.613 2.020
245.000  -5.60 -1.573 1.559 1.943
245.100  -6.59 -1.542 1.605 1.938
245.200  -7.48 -1.603 1.671 2.011
245.300  -8.08 -1.592 1.834 2.173
245.400  -7.77 -1.567 2.193 2.197
245.500  -6.66 -1.684 2.494 2.192
245.600  -5.83 -1.503 2.008 2.233
245.700  -5.41 -1.508 1.601 2.158
245.800  -5.38 -1.593 1.478 2.082
245.900  -6.16 -1.534 1.502 2.026
246.000  -6.73 -1.691 1.614 2.087
246.100  -6.90 -1.578 1.723 2.301
246.200  -6.07 -1.644 1.763 2.329
246.300  -5.05 -1.525 1.842 2.308
246.400  -4.12 -1.505 2.009 2.454
246.500  -3.79 -1.503 2.029 2.492
246.600  -4.11 -1.608 1.777 2.410
246.700  -5.23 -1.506 1.789 2.417
246.800  -6.16 -1.534 1.900 2.482
246.900  -6.38 -1.533 1.922 2.498
247.000  -5.60 -1.512 2.042 2.485
247.100  -4.90 -1.522 2.243 2.500
247.200  -4.20 -1.512 2.482 2.435
247.300  -4.31 -1.549 2.477 2.489
247.400  -4.81 -1.565 2.168 2.493
247.500  -5.71 -1.561 1.799 2.468
247.600  -6.54 -1.541 1.726 2.496
247.700  -6.37 -1.545 1.858 2.485
247.800  -5.71 -1.588 2.117 2.494
247.900  -5.24 -1.539 2.494 2.493
248.000  -4.87 -1.541 2.499 2.452
248.100  -5.32 -1.544 2.492 2.443
248.200  -5.98 -1.531 2.494 2.493
248.300  -7.03 -1.536 2.007 2.493
248.400  -7.39 -1.604 1.735 2.337
248.500  -7.24 -1.670 1.620 2.171
248.600  -7.15 -1.556 1.669 2.180
248.700  -6.96 -1.613 1.837 2.237
248.800  -7.28 -1.646 2.053 2.226
248.900  -7.99 -1.563 2.475 2.175
249.000  -8.80 -1.579 2.446 2.252
249.100  -9.23 -1.531 2.489 2.385
249.200  -9.26 -1.517 1.837 2.272
249.300  -8.88 -1.609 1.645 2.081
249.400  -8.41 -1.588 1.560 2.018
249.500  -8.04 -1.685 1.623 2.072
249.600  -8.15 -1.693 1.831 2.153
249.700  -8.56 -1.528 2.088 2.156
249.800  -8.86 -1.532 2.434 2.130
249.900  -8.97 -1.600 2.024 2.212
250.000  -8.58 -1.557 1.870 2.235
250.100  -8.35 -1.532 1.807 2.106
250.200  -8.12 -1.501 1.656 1.988
250.300  -8.49 -1.533 1.633 1.977
250.400  -8.86 -1.504 1.648 2.035
250.500  -9.03 -1.571 1.831 2.133
250.600  -8.77 -1.626 2.114 2.175
250.700  -8.21 -1.529 2.298 2.178
250.800  -7.15 -1.528 2.189 2.270
250.900  -6.29 -1.613 1.854 2.283
251.000  -5.63 -1.508 1.696 2.188
251.100  -5.47 -1.512 1.656 2.152
251.200  -5.01 -1.512 1.725 2.164
251.300  -4.74 -1.514 1.892 2.226
251.400  -3.68 -1.605 2.147 2.278
251.500  -2.62 -1.514 2.471 2.242
251.600  -1.50 -1.632 2.492 2.202
251.700  -0.69 -1.618 2.387 2.241
251.800  -0.37 -1.597 2.006 2.181
251.900  -0.56 -1.556 1.891 2.171
252.000  -0.44 -1.643 1.912 2.210
252.100  -0.12 -1.515 2.005 2.322
252.200   1.09 -1.650 2.127 2.396
252.300   2.21 -1.648 2.464 2.450
252.400   3.12 -1.593 2.488 2.386
252.500   3.54 -1.506 2.492 2.342
252.600   3.36 -1.540 2.500 2.310
252.700   3.07 -1.548 2.145 2.141
252.800   2.69 -1.554 2.016 2.069
252.900   2.60 -1.516 1.975 2.037
253.000   2.92 -1.501 2.032 2.064
253.100   3.14 -1.540 2.189 2.182
253.200   2.95 -1.633 2.140 2.232
253.300   2.37 -1.585 2.247 2.183
253.400   1.58 -1.501 2.492 2.223
253.500   0.80 -1.602 2.110 2.165
253.600   0.16 -1.515 1.962 2.126
253.700   0.12 -1.517 1.873 1.950
253.800  -0.12 -1.529 1.804 1.804
253.900  -0.16 -1.538 1.824 1.814
254.000  -0.70 -1.555 1.951 1.972
254.100  -1.14 -1.540 2.068 2.068
254.200  -1.67 -1.689 2.048 2.047
254.300  -2.11 -1.635 1.872 2.065
254.400  -2.04 -1.544 1.803 2.112
254.500  -1.88 -1.510 1.803 2.013
254.600  -1.80 -1.563 1.830 1.835
254.700  -1.92 -1.517 1.837 1.696
254.800  -2.13 -1.528 1.835 1.744
254.900  -2.75 -1.513 1.911 1.909
255.000  -3.07 -1.609 2.075 1.937
255.100  -3.15 -1.547 2.159 1.957
255.200  -3.23 -1.650 1.812 2.066
255.300  -3.41 -1.555 1.651 2.115
255.400  -3.59 -1.596 1.637 2.057
255.500  -4.17 -1.500 1.701 1.921
255.600  -4.55 -1.540 1.797 1.833
255.700  -4.63 -1.593 1.863 1.833
255.800  -4.41 -1.529 1.871 1.932
255.900  -3.99 -1.512 1.947 2.031
256.000  -3.47 -1.540 1.886 2.090
256.100  -3.07 -1.521 1.678 2.242
256.200  -2.77 -1.638 1.637 2.354
256.300  -3.16 -1.522 1.674 2.231
256.400  -3.26 -1.603 1.711 2.127
256.500  -3.26 -1.668 1.767 2.083
256.600  -2.91 -1.663 1.847 2.079
256.700  -2.46 -1.527 1.839 2.154
256.800  -2.10 -1.598 1.870 2.171
256.900  -1.95 -1.685 1.872 2.157
257.000  -2.50 -1.559 1.775 2.301
257.100  -2.85 -1.672 1.813 2.245
257.200  -3.30 -1.580 1.860 2.041
257.300  -3.55 -1.508 1.908 1.994
257.400  -3.20 -1.512 2.043 2.016
257.500  -2.95 -1.506 2.159 2.068
257.600  -3.11 -1.609 2.201 2.070
257.700  -3.47 -1.581 2.233 2.053
257.800  -4.33 -1.604 2.000 2.007
257.900  -5.19 -1.567 1.875 2.048
258.000  -5.65 -1.610 1.926 1.982
258.100  -5.73 -1.545 2.019 1.890
258.200  -5.11 -1.600 2.150 1.867
258.300  -4.89 -1.502 2.174 1.863
258.400  -4.47 -1.644 2.139 1.938
258.500  -4.65 -1.560 2.281 2.013
258.600  -4.96 -1.512 2.312 1.999
258.700  -5.07 -1.515 1.932 1.976
258.800  -5.29 -1.533 1.709 1.973
258.900  -5.40 -1.538 1.624 1.930
259.000  -5.41 -1.530 1.685 1.838
259.100  -5.38 -1.614 1.756 1.711
259.200  -5.65 -1.517 1.807 1.672
259.300  -6.31 -1.511 1.820 1.771
259.400  -6.68 -1.633 1.841 1.849
259.500  -6.95 -1.550 1.873 1.869
259.600  -6.94 -1.501 1.697 1.923
259.700  -6.53 -1.516 1.540 1.967
259.800  -5.92 -1.539 1.462 1.912
259.900  -5.51 -1.534 1.482 1.838
260.000  -5.30 -1.535 1.590 1.754
260.100  -5.23 -1.549 1.714 1.711
260.200  -5.16 -1.503 1.779 1.786
260.300  -4.79 -1.616 1.845 1.930
260.400  -4.72 -1.530 1.880 1.897
260.500  -4.85 -1.624 1.857 1.942
260.600  -5.06 -1.514 1.834 2.037
260.700  -5.17 -1.543 1.781 2.053
260.800  -5.18 -1.540 1.817 2.039
260.900  -4.99 -1.524 1.921 1.947
261.000  -4.90 -1.517 1.957 1.905
261.100  -4.64 -1.566 2.072 1.975
261.200  -4.58 -1.580 2.275 1.889
261.300  -4.92 -1.559 2.233 1.833
261.400  -5.46 -1.563 2.005 1.854
261.500  -5.80 -1.523 1.894 1.945
261.600  -5.78 -1.632 1.887 2.026
261.700  -5.56 -1.656 1.910 2.047
261.800  -5.44 -1.542 1.903 2.030
261.900  -5.42 -1.573 1.925 2.052
262.000  -5.80 -1.542 2.036 2.034
262.100  -6.24 -1.577 2.078 1.999
262.200  -6.88 -1.685 2.032 1.866
262.300  -7.32 -1.599 1.947 1.812
262.400  -7.16 -1.544 1.813 1.835
262.500  -6.60 -1.525 1.718 1.898
262.600  -5.87 -1.551 1.711 1.926
262.700  -5.34 -1.504 1.734 1.964
262.800  -5.11 -1.521 1.747 2.060
262.900  -5.18 -1.577 1.838 2.166
263.000  -5.25 -1.556 2.047 2.086
263.100  -4.94 -1.554 2.073 1.963
263.200  -3.63 -1.524 1.982 1.879
263.300  -2.32 -1.544 1.881 1.834
263.400  -1.41 -1.516 1.760 1.799
263.500  -1.30 -1.527 1.708 1.744
263.600  -2.30 -1.510 1.719 1.807
263.700  -3.30 -1.517 1.779 1.997
263.800  -3.90 -1.548 1.839 2.002
263.900  -3.70 -1.538 1.938 1.927
264.000  -2.90 -1.633 1.988 1.873
264.100  -1.90 -1.510 1.955 1.810
264.200  -1.00 -1.541 1.855 1.767
264.300  -0.60 -1.515 1.773 1.754
264.400  -0.30 -1.564 1.761 1.741
264.500  -0.20 -1.551 1.670 1.835
264.600   0.60 -1.543 1.636 1.877
264.700   2.60 -1.617 1.807 1.879
264.800   5.00 -1.500 1.910 1.832
264.900   5.00 -0.854 1.866 1.795
265.000   5.00 -0.587 1.803 1.797
