#lo_ghz dbm pll_if_power pa_0 pa_1
221.000  -1.50 -1.559 2.500 2.498
221.200   0.65 -1.527 2.491 2.496
221.400  -0.69 -1.535 2.493 2.494
221.600  -1.84 -1.608 2.171 2.496
221.800  -1.18 -1.542 2.437 2.492
222.000  -0.63 -1.566 2.497 2.498
222.200  -1.84 -1.599 2.494 2.500
222.400  -3.14 -1.516 2.208 2.493
222.600  -1.05 -1.512 2.019 2.219
222.800  -0.95 -1.528 2.203 2.497
223.000  -3.16 -1.521 2.151 2.498
223.200  -3.22 -1.600 2.184 2.450
223.400  -1.79 -1.597 1.962 2.150
223.600  -2.35 -1.656 1.975 2.177
223.800  -4.72 -1.508 2.136 2.495
224.000  -3.38 -1.581 2.345 2.498
224.200  -1.28 -1.579 2.495 2.414
224.400  -3.49 -1.539 2.499 2.488
224.600  -4.99 -1.607 2.492 2.499
224.800  -3.10 -1.625 2.496 2.489
225.000  -0.50 -1.558 2.499 2.499
225.200  -2.54 -1.627 2.499 2.495
225.400  -3.77 -1.631 2.361 2.491
225.600  -1.21 -1.580 2.356 2.499
225.800   0.16 -1.530 2.093 2.283
226.000  -1.68 -1.522 2.095 2.254
226.200  -2.69 -1.611 2.049 2.485
226.400   0.61 -1.532 2.101 2.491
226.600   1.40 -1.587 2.218 2.211
226.800  -1.60 -1.500 1.905 2.105
227.000  -2.21 -1.512 1.857 2.225
227.200  -0.23 -1.548 1.876 2.487
227.400  -0.56 -1.514 2.092 2.054
227.600  -3.58 -1.599 1.852 2.014
227.800  -3.41 -1.556 1.843 2.158
228.000  -0.73 -1.541 1.835 2.500
228.200  -2.38 -1.501 2.065 2.241
228.400  -3.34 -1.662 2.087 1.933
228.600  -2.39 -1.546 2.065 1.962
228.800  -0.65 -1.540 1.969 2.496
229.000  -2.20 -1.616 2.069 2.500
229.200  -3.15 -1.577 2.060 1.976
229.400  -0.70 -1.534 2.032 1.953
229.600  -0.45 -1.561 2.001 2.471
229.800  -1.50 -1.518 1.977 2.499
230.000  -1.25 -1.561 2.309 2.283
230.200   0.40 -1.504 1.953 2.293
230.400  -0.55 -1.532 1.950 2.499
230.600  -2.00 -1.517 1.954 2.495
230.800   0.15 -1.601 2.046 2.427
231.000   1.30 -1.576 1.980 2.193
231.200  -0.48 -1.566 2.026 2.353
231.400  -1.26 -1.533 1.886 2.491
231.600   0.16 -1.548 1.885 2.497
231.800   0.78 -1.500 1.779 2.056
232.000  -1.40 -1.717 1.829 1.978
232.200  -0.87 -1.558 1.881 2.497
232.400   2.05 -1.542 1.913 2.487
232.600   1.98 -1.562 1.863 2.237
232.800   0.60 -1.681 1.847 2.062
233.000   0.53 -1.511 1.813 2.486
233.200   3.02 -1.521 1.942 2.494
233.400   3.12 -1.611 2.080 2.491
233.600   2.41 -1.589 1.869 2.034
233.800   3.91 -1.530 1.927 2.495
234.000   5.40 -1.595 1.867 2.494
234.200   5.08 -1.627 2.028 2.499
234.400   3.47 -1.579 2.070 2.496
234.600   3.85 -1.586 2.042 2.398
234.800   3.74 -1.539 1.943 2.499
235.000   2.32 -1.564 1.981 2.493
235.200   1.76 -1.599 2.210 2.495
235.400   1.21 -1.503 2.096 2.046
235.600   1.05 -1.523 2.058 2.000
235.800   0.10 -1.588 1.979 2.496
236.000  -0.36 -1.540 1.997 2.491
236.200  -0.63 -1.687 1.802 1.880
236.400  -2.20 -1.591 1.773 1.817
236.600  -1.46 -1.578 1.788 2.499
236.800  -1.03 -1.502 1.817 2.494
237.000  -1.40 -1.555 1.943 2.500
237.200  -2.24 -1.694 1.848 1.992
237.400  -1.58 -1.502 1.772 2.494
237.600  -0.22 -1.642 1.822 2.492
237.800  -1.06 -1.619 2.105 2.496
238.000  -0.90 -1.528 2.035 2.500
238.200   1.62 -1.544 1.870 2.496
238.400   2.54 -1.540 1.814 2.491
238.600   1.56 -1.571 2.492 2.493
238.800   1.28 -1.685 2.127 2.491
239.000   4.00 -1.507 2.077 2.450
239.200   5.50 -1.543 1.928 2.491
239.400   4.00 -1.604 1.937 2.493
239.600   3.80 -1.581 1.948 2.491
239.800   5.00 -1.518 1.961 2.132
240.000   5.20 -1.618 1.864 2.195
240.200   3.02 -1.515 1.687 2.497
240.400   3.34 -1.630 1.774 2.495
240.600   5.16 -1.571 1.596 2.030
240.800   3.98 -1.534 1.575 1.995
241.000   2.30 -1.538 1.544 2.498
241.200   2.38 -1.599 1.980 2.500
241.400   3.96 -1.564 1.682 2.285
241.600   3.74 -1.507 1.665 2.440
241.800   3.52 -1.609 1.663 2.492
242.000   5.20 -1.595 2.494 2.485
242.200   4.84 -1.565 1.837 2.490
242.400   3.28 -1.519 1.808 2.496
242.600   3.42 -1.613 1.830 2.498
242.800   4.96 -1.628 1.955 2.499
243.000   4.30 -1.524 1.943 2.491
243.200   3.40 -1.570 1.861 2.490
243.400   5.20 -1.571 1.975 2.420
243.600   6.00 -1.628 2.028 2.498
243.800   3.80 -1.559 2.491 2.497
244.000   3.40 -1.532 1.720 2.492
244.200   5.12 -1.545 1.753 2.330
244.400   5.04 -1.558 1.884 2.188
244.600   2.06 -1.506 2.496 2.398
244.800   2.88 -1.540 1.813 2.393
245.000   5.30 -1.550 1.562 2.112
245.200   3.86 -1.549 1.683 2.215
245.400   1.52 -1.598 2.158 2.495
245.600   3.08 -1.511 1.945 2.499
245.800   6.14 -1.588 1.517 2.288
246.000   5.10 -1.581 1.623 2.297
246.200   2.98 -1.552 1.718 2.493
246.400   5.66 -1.624 1.892 2.493
246.600   7.34 -1.529 1.649 2.498
246.800   5.32 -1.550 1.734 2.497
247.000   3.40 -1.586 1.838 2.495
247.200   5.94 -1.550 2.001 2.494
247.400   7.48 -1.537 1.801 2.494
247.600   5.32 -1.516 1.554 2.494
247.800   4.16 -1.545 1.864 2.493
248.000   6.00 -1.512 2.184 2.493
248.200   5.78 -1.589 2.131 2.493
248.400   3.56 -1.585 1.558 2.494
248.600   3.44 -1.641 1.532 2.376
248.800   5.62 -1.606 1.847 2.422
249.000   4.60 -1.555 2.465 2.469
249.200   2.30 -1.584 1.630 2.498
249.400   2.40 -1.529 1.384 2.126
249.600   3.50 -1.526 1.616 2.330
249.800   2.50 -1.525 1.944 2.316
250.000   1.60 -1.515 1.634 2.450
250.200   3.40 -1.535 1.440 2.116
250.400   3.80 -1.588 1.443 2.192
250.600   1.80 -1.539 1.800 2.391
250.800   1.40 -1.619 1.856 2.495
251.000   3.30 -1.508 1.509 2.403
251.200   3.46 -1.506 1.530 2.350
251.400   2.22 -1.621 1.912 2.493
251.600   3.38 -1.580 2.464 2.487
251.800   5.64 -1.502 1.820 2.466
252.000   4.90 -1.530 1.745 2.474
252.200   3.86 -1.519 1.902 2.494
252.400   5.42 -1.529 2.497 2.494
252.600   7.38 -1.534 2.284 2.496
252.800   5.44 -1.528 1.909 2.304
253.000   4.00 -1.595 1.904 2.250
253.200   5.06 -1.515 1.992 2.476
253.400   5.32 -1.545 2.237 2.468
253.600   3.68 -1.572 1.893 2.333
253.800   3.14 -1.519 1.755 1.902
254.000   4.70 -1.557 1.862 2.109
254.200   3.79 -1.555 1.941 2.204
254.400   2.08 -1.537 1.724 2.259
254.600   2.68 -1.504 1.771 1.943
254.800   4.27 -1.510 1.766 1.862
255.000   3.46 -1.651 1.947 2.055
255.200   2.20 -1.515 1.733 2.184
255.400   3.44 -1.537 1.607 2.185
255.600   3.69 -1.517 1.777 1.920
255.800   2.33 -1.514 1.861 2.010
256.000   3.17 -1.541 1.857 2.217
256.200   5.90 -1.579 1.676 2.491
256.400   6.12 -1.539 1.740 2.235
256.600   4.85 -1.527 1.877 2.167
256.800   5.97 -1.519 1.909 2.260
257.000   8.00 -1.566 1.805 2.448
257.200   6.34 -1.503 1.881 2.130
257.400   5.08 -1.563 2.024 2.085
257.600   6.82 -1.544 2.162 2.149
257.800   7.66 -1.511 1.921 2.075
258.000   5.00 -1.579 1.858 2.060
258.200   3.82 -1.528 2.081 1.945
258.400   6.34 -1.503 2.070 2.026
258.600   6.96 -1.550 2.224 2.069
258.800   5.58 -1.526 1.622 2.052
259.000   5.60 -1.619 1.646 1.926
259.200   7.40 -1.607 1.797 1.751
259.400   5.90 -1.550 1.802 1.938
259.600   4.10 -1.519 1.678 2.011
259.800   5.40 -1.543 1.453 2.000
260.000   7.10 -1.526 1.610 1.833
260.200   6.88 -1.580 1.790 1.874
260.400   7.06 -1.553 1.851 1.995
260.600   9.60 -1.534 1.844 2.134
260.800  11.50 -1.518 1.815 2.130
261.000  11.50 -1.557 1.963 1.999
261.200  11.10 -1.537 2.297 1.985
261.400  10.00 -1.506 1.975 1.942
261.600   6.94 -1.601 1.897 2.114
261.800   5.22 -1.543 1.903 2.118
262.000   5.50 -1.508 2.085 2.122
262.200   6.52 -1.540 2.072 1.945
262.400   5.14 -1.520 1.832 1.924
262.600   6.06 -1.548 1.770 2.024
262.800   9.40 -1.515 1.795 2.158
263.000  11.20 -1.517 2.174 2.175
263.200   9.50 -1.523 2.080 1.947
263.400  11.60 -1.502 1.809 1.887
263.600  13.80 -1.541 1.814 1.910
263.800  10.60 -1.545 1.966 2.110
264.000   7.50 -1.600 2.125 1.971
264.200   9.20 -1.516 1.942 1.855
264.400  13.00 -1.505 1.834 1.826
264.600  13.50 -1.532 1.766 1.973
264.800  14.00 -1.187 2.060 1.924
