#lo_ghz dbm pll_if_power pa_0 pa_1
221.000  10.20 -1.643 2.500 2.439
221.200  12.13 -1.506 2.491 2.496
221.400   9.67 -1.548 2.493 2.474
221.600   8.30 -1.515 2.210 2.496
221.800  10.14 -1.620 2.407 2.492
222.000  10.17 -1.541 2.497 2.498
222.200   8.50 -1.567 2.494 2.490
222.400   7.94 -1.535 2.208 2.424
222.600  10.07 -1.516 2.009 2.151
222.800   9.01 -1.533 2.164 2.408
223.000   7.14 -1.611 2.132 2.498
223.200   8.08 -1.595 2.165 2.343
223.400   8.71 -1.508 1.933 2.101
223.600   6.85 -1.503 1.936 2.118
223.800   5.28 -1.573 2.087 2.495
224.000   7.22 -1.507 2.237 2.469
224.200   8.28 -1.552 2.348 2.297
224.400   5.43 -1.531 2.411 2.370
224.600   5.39 -1.505 2.384 2.489
224.800   7.64 -1.533 2.349 2.489
225.000   8.60 -1.515 2.323 2.450
225.200   5.96 -1.524 2.499 2.495
225.400   6.63 -1.512 2.214 2.491
225.600   9.79 -1.547 2.190 2.499
225.800   9.76 -1.541 1.976 2.234
226.000   7.62 -1.533 1.968 2.166
226.200   8.43 -1.519 1.912 2.446
226.400  11.65 -1.542 1.935 2.481
226.600  10.86 -1.513 2.031 2.162
226.800   8.28 -1.529 1.768 2.046
227.000   9.49 -1.605 1.750 2.146
227.200  10.73 -1.520 1.749 2.370
227.400   9.16 -1.590 1.896 2.005
227.600   6.30 -1.522 1.715 1.945
227.800   7.73 -1.548 1.716 2.070
228.000   9.87 -1.643 1.708 2.461
228.200   7.52 -1.503 1.859 2.143
228.400   7.06 -1.522 1.872 1.874
228.600   8.61 -1.502 1.860 1.933
228.800  10.05 -1.576 1.783 2.378
229.000   8.50 -1.506 1.814 2.490
229.200   8.43 -1.526 1.834 1.937
229.400  10.56 -1.527 1.855 1.904
229.600  10.19 -1.512 1.854 2.353
229.800   9.62 -1.603 1.821 2.499
230.000   9.95 -1.508 2.103 2.205
230.200  11.02 -1.509 1.845 2.234
230.400  10.59 -1.585 1.881 2.489
230.600   9.86 -1.606 1.905 2.465
230.800  11.33 -1.519 1.997 2.300
231.000  11.10 -1.540 1.970 2.115
231.200   9.55 -1.536 2.065 2.274
231.400   9.60 -1.564 1.935 2.491
231.600  10.25 -1.508 1.944 2.487
231.800   9.80 -1.505 1.847 2.027
232.000   8.15 -1.521 1.897 1.939
232.200   9.70 -1.526 1.998 2.497
232.400  11.85 -1.582 2.050 2.477
232.600  11.30 -1.588 2.049 2.159
232.800  10.75 -1.567 2.073 2.023
233.000  11.60 -1.531 2.058 2.476
233.200  13.40 -1.575 2.412 2.494
233.400  12.70 -1.522 2.472 2.491
233.600  13.00 -1.537 2.173 1.985
233.800  14.00 -1.107 2.437 2.416
234.000  14.00 -0.791 2.289 2.494
234.200  14.00 -0.878 2.489 2.460
234.400  14.00 -1.134 2.492 2.486
234.600  14.00 -0.991 2.493 2.368
234.800  14.00 -1.046 2.463 2.499
235.000  13.80 -1.537 2.491 2.493
235.200  13.30 -1.521 2.485 2.495
235.400  12.57 -1.502 2.488 2.085
235.600  12.16 -1.530 2.499 2.020
235.800  11.34 -1.526 2.449 2.496
236.000  10.32 -1.551 2.497 2.491
236.200   9.90 -1.515 2.096 1.929
236.400   9.67 -1.598 2.058 1.846
236.600  10.15 -1.506 2.112 2.499
236.800   9.62 -1.566 2.141 2.494
237.000   8.50 -1.507 2.473 2.490
237.200   9.08 -1.559 2.329 2.041
237.400   9.86 -1.533 2.155 2.484
237.600  10.14 -1.551 2.215 2.472
237.800   9.12 -1.519 2.458 2.496
238.000  10.90 -1.517 2.466 2.500
238.200  12.80 -1.514 2.312 2.496
238.400  12.60 -1.556 2.207 2.491
238.600  11.67 -1.565 2.492 2.483
238.800  13.10 -1.555 2.490 2.491
239.000  14.00 -1.002 2.499 2.430
239.200  14.00 -1.049 2.497 2.491
239.400  14.00 -1.567 2.486 2.493
239.600  14.00 -1.018 2.458 2.491
239.800  14.00 -0.915 2.372 2.132
240.000  14.00 -1.408 2.237 2.185
240.200  12.80 -1.553 1.961 2.487
240.400  13.90 -1.573 2.097 2.495
240.600  14.00 -1.230 1.801 2.010
240.800  12.90 -1.518 1.771 1.955
241.000  12.10 -1.549 1.760 2.498
241.200  12.90 -1.528 2.471 2.500
241.400  13.90 -1.535 1.937 2.217
241.600  13.30 -1.521 1.900 2.293
241.800  13.80 -1.540 1.967 2.492
242.000  14.00 -0.903 2.494 2.485
242.200  14.00 -0.964 2.239 2.490
242.400  14.00 -1.281 2.121 2.486
242.600  14.00 -1.240 2.183 2.498
242.800  14.00 -1.012 2.495 2.499
243.000  14.00 -1.157 2.492 2.491
243.200  14.00 -1.190 2.155 2.480
243.400  14.00 -0.810 2.475 2.332
243.600  14.00 -0.824 2.489 2.498
243.800  14.00 -1.284 2.471 2.487
244.000  14.00 -1.163 2.002 2.487
244.200  14.00 -1.025 1.968 2.297
244.400  14.00 -1.447 2.179 2.167
244.600  12.70 -1.535 2.462 2.299
244.800  14.00 -1.460 2.187 2.283
245.000  14.00 -1.060 1.746 2.061
245.200  12.60 -1.506 1.886 2.139
245.400  11.70 -1.557 2.478 2.383
245.600  13.90 -1.532 2.489 2.400
245.800  14.00 -1.075 1.792 2.190
246.000  13.20 -1.546 1.918 2.185
246.200  13.00 -1.532 2.145 2.496
246.400  14.00 -0.898 2.470 2.493
246.600  14.00 -0.845 2.149 2.498
246.800  13.50 -1.521 2.223 2.492
247.000  13.50 -1.519 2.473 2.495
247.200  14.00 -0.840 2.482 2.494
247.400  14.00 -0.883 2.491 2.483
247.600  13.60 -1.562 2.000 2.496
247.800  14.00 -1.531 2.450 2.494
248.000  14.00 -0.974 2.489 2.492
248.200  14.00 -1.355 2.484 2.493
248.400  12.30 -1.513 2.294 2.435
248.600  13.30 -1.513 2.130 2.219
248.800  14.00 -1.234 2.455 2.275
249.000  12.80 -1.581 2.475 2.292
249.200  11.12 -1.504 2.474 2.341
249.400  12.30 -1.561 1.962 2.047
249.600  12.80 -1.573 2.371 2.202
249.800  11.08 -1.515 2.473 2.199
250.000  10.80 -1.507 2.232 2.323
250.200  12.60 -1.597 1.940 2.057
250.400  12.10 -1.508 1.923 2.114
250.600  10.74 -1.507 2.496 2.283
250.800  11.42 -1.511 2.483 2.387
251.000  13.20 -1.515 1.921 2.305
251.200  12.40 -1.538 1.961 2.272
251.400  11.62 -1.512 2.461 2.464
251.600  13.50 -1.562 2.483 2.379
251.800  14.00 -1.109 2.281 2.358
252.000  13.90 -1.532 2.177 2.357
252.200  14.00 -1.537 2.470 2.494
252.400  14.00 -0.999 2.468 2.494
252.600  14.00 -0.789 2.490 2.496
252.800  13.70 -1.535 2.222 2.275
253.000  13.00 -1.527 2.316 2.250
253.200  14.00 -1.519 2.463 2.447
253.400  13.30 -1.516 2.443 2.448
253.600  11.29 -1.506 2.119 2.342
253.800  11.46 -1.515 1.961 1.941
254.000  12.50 -1.518 2.176 2.109
254.200  11.03 -1.526 2.362 2.184
254.400   9.75 -1.569 1.930 2.269
254.600  10.56 -1.525 1.977 1.962
254.800  11.58 -1.545 2.011 1.842
255.000  10.39 -1.531 2.340 2.035
255.200  10.01 -1.546 1.988 2.164
255.400  11.22 -1.546 1.764 2.155
255.600  11.34 -1.506 1.993 1.911
255.800  10.55 -1.514 2.145 1.991
256.000  11.77 -1.542 2.161 2.149
256.200  13.80 -1.526 1.833 2.442
256.400  13.70 -1.593 1.887 2.186
256.600  13.20 -1.509 2.112 2.138
256.800  14.00 -1.115 2.194 2.220
257.000  14.00 -0.803 2.030 2.370
257.200  14.00 -1.338 2.047 2.090
257.400  14.00 -1.444 2.230 2.046
257.600  14.00 -0.902 2.495 2.119
257.800  14.00 -0.916 2.225 2.046
258.000  13.10 -1.566 2.093 2.031
258.200  13.00 -1.544 2.346 1.906
258.400  14.00 -1.184 2.325 1.977
258.600  14.00 -1.460 2.479 2.049
258.800  12.80 -1.562 1.857 2.032
259.000  13.80 -1.535 1.832 1.897
259.200  14.00 -0.998 1.974 1.702
259.400  13.80 -1.558 1.998 1.889
259.600  12.40 -1.554 1.913 1.952
259.800  14.00 -1.514 1.629 1.961
260.000  14.00 -1.053 1.757 1.794
260.200  14.00 -1.337 1.966 1.796
260.400  14.00 -1.283 2.086 1.907
260.600  14.00 -0.698 2.079 2.056
260.800  14.00 -0.523 2.023 2.069
261.000  14.00 -0.589 2.153 1.934
261.200  14.00 -0.581 2.481 1.919
261.400  14.00 -0.616 2.210 1.854
261.600  14.00 -1.078 2.142 2.026
261.800  13.70 -1.529 2.119 2.040
262.000  13.20 -1.577 2.301 2.054
262.200  13.20 -1.538 2.258 1.886
262.400  12.80 -1.566 1.999 1.826
262.600  13.70 -1.563 1.976 1.916
262.800  14.00 -1.168 2.001 2.050
263.000  14.00 -0.852 2.488 2.106
263.200  14.00 -0.693 2.276 1.898
263.400  14.00 -0.562 1.986 1.799
263.600  14.00 -0.535 2.052 1.787
263.800  14.00 -0.812 2.221 2.002
264.000  14.00 -0.946 2.380 1.873
264.200  14.00 -0.722 2.158 1.777
