# 20191024
# Direct connection to Agilent in cabin.
#lo_ghz dbm pll_if_power pa_0 pa_1
221.000  10.60 -1.536 2.500 2.498
221.500  11.51 -1.507 2.489 2.498
222.000  11.72 -1.533 2.497 2.488
222.500  11.44 -1.518 2.211 2.293
223.000  12.60 -1.519 2.328 2.498
223.500  10.56 -1.508 2.013 2.146
224.000  12.27 -1.503 2.316 2.499
224.500  11.89 -1.525 2.157 2.499
225.000  11.00 -1.530 2.470 2.499
225.500  11.70 -1.516 2.326 2.494
226.000   9.95 -1.518 2.144 2.244
226.500  11.80 -1.517 2.275 2.484
227.000  11.20 -1.506 1.907 2.215
227.500  10.80 -1.520 2.057 1.975
228.000  12.45 -1.508 2.012 2.500
228.500  11.60 -1.524 2.496 1.955
229.000  13.40 -1.538 2.353 2.500
229.500  12.10 -1.507 2.198 2.098
230.000  12.20 -1.534 2.495 2.293
230.500  13.70 -1.517 2.144 2.489
231.000  11.85 -1.500 2.215 2.174
231.500  12.60 -1.533 2.051 2.497
232.000  11.80 -1.521 2.044 1.978
232.500  12.90 -1.533 2.419 2.496
233.000  13.40 -1.526 2.127 2.496
233.500  11.72 -1.503 2.463 2.108
234.000  13.84 -1.523 2.338 2.494
234.500  13.47 -1.505 2.479 2.440
235.000  13.79 -1.523 2.462 2.493
235.500  14.42 -1.507 2.377 1.939
236.000  13.39 -1.518 2.223 2.491
236.500  14.50 -1.412 1.883 2.114
237.000  13.70 -1.530 2.169 2.480
237.500  14.34 -1.530 1.912 2.495
238.000  14.40 -1.501 2.270 2.500
238.500  12.90 -1.503 2.101 2.494
239.000  14.50 -1.389 2.204 2.313
239.500  14.30 -1.524 2.162 2.494
240.000  14.30 -1.506 1.953 2.126
240.500  14.20 -1.508 1.743 2.141
241.000  13.70 -1.529 1.642 2.400
241.500  14.50 -1.228 1.715 2.027
242.000  14.10 -1.518 2.484 2.495
242.500  14.50 -1.432 1.822 2.493
243.000  14.50 -1.344 1.934 2.491
243.500  14.40 -1.530 2.096 2.253
244.000  14.40 -1.085 1.855 2.487
244.500  13.70 -1.512 2.163 2.082
245.000  14.20 -1.537 1.550 1.933
245.500  14.10 -1.504 2.494 2.182
246.000  13.30 -1.523 1.605 2.097
246.500  14.50 -1.530 1.980 2.492
247.000  12.80 -1.536 2.013 2.485
247.500  13.40 -1.528 1.770 2.439
248.000  13.10 -1.521 2.479 2.433
248.500  12.30 -1.537 1.610 2.161
249.000  13.40 -1.526 2.466 2.243
249.500  12.20 -1.527 1.623 2.072
250.000  13.10 -1.546 1.840 2.225
250.500  12.60 -1.503 1.821 2.133
251.000  12.34 -1.534 1.686 2.188
251.500  13.72 -1.537 2.490 2.232
252.000  12.14 -1.524 1.903 2.219
252.500  12.87 -1.535 2.492 2.333
253.000  12.50 -1.535 2.013 2.064
253.500  11.84 -1.508 2.090 2.145
254.000  12.47 -1.525 1.931 1.962
254.500  11.61 -1.512 1.793 2.013
255.000  12.45 -1.521 2.055 1.937
255.500  12.09 -1.537 1.701 1.901
256.000  11.72 -1.502 1.876 2.110
256.500  12.76 -1.528 1.767 2.073
257.000  12.10 -1.514 1.785 2.301
257.500  12.28 -1.509 2.140 2.058
258.000  12.36 -1.501 1.936 1.972
258.500  12.60 -1.520 2.261 2.003
259.000  13.00 -1.548 1.685 1.818
259.500  13.10 -1.548 1.873 1.879
260.000  14.10 -1.534 1.600 1.754
260.500  14.40 -1.508 1.867 1.962
261.500  14.50 -0.657 1.904 1.964
262.000  13.80 -1.520 2.046 2.024
262.500  14.40 -1.113 1.708 1.918
263.000  14.40 -0.969 2.066 2.067
263.500  14.50 -1.284 1.698 1.734
264.000  14.50 -1.355 1.997 1.863
264.500  14.50 -1.496 1.670 1.835
265.000  14.50 -0.549 1.803 1.817
