#lo_ghz dbm pll_if_power pa_0 pa_1
221.000  11.50 -1.609 2.500 2.498
221.200  13.50 -1.590 2.491 2.496
221.400  11.27 -1.555 2.493 2.494
221.600   9.70 -1.532 2.171 2.496
221.800  11.24 -1.606 2.388 2.492
222.000  11.27 -1.502 2.497 2.498
222.200   9.50 -1.518 2.494 2.500
222.400   8.84 -1.515 2.198 2.493
222.600  10.87 -1.541 2.019 2.200
222.800  10.21 -1.584 2.183 2.497
223.000   8.04 -1.537 2.151 2.498
223.200   8.98 -1.556 2.184 2.431
223.400   9.81 -1.555 1.962 2.160
223.600   8.15 -1.515 1.975 2.167
223.800   6.48 -1.604 2.146 2.495
224.000   8.52 -1.542 2.335 2.498
224.200   9.98 -1.597 2.456 2.375
224.400   7.33 -1.535 2.499 2.478
224.600   7.19 -1.534 2.492 2.499
224.800   9.54 -1.541 2.496 2.499
225.000  11.00 -1.513 2.470 2.499
225.200   8.16 -1.509 2.499 2.495
225.400   8.63 -1.565 2.361 2.491
225.600  11.79 -1.548 2.366 2.499
225.800  11.96 -1.551 2.084 2.293
226.000   9.42 -1.545 2.086 2.264
226.200   9.43 -1.530 2.049 2.485
226.400  12.65 -1.537 2.101 2.491
226.600  12.06 -1.556 2.198 2.221
226.800   9.08 -1.520 1.896 2.095
227.000   9.99 -1.552 1.867 2.205
227.200  11.53 -1.537 1.886 2.468
227.400   9.96 -1.528 2.082 2.044
227.600   6.90 -1.508 1.842 2.004
227.800   8.23 -1.529 1.843 2.129
228.000  10.67 -1.509 1.825 2.490
228.200   8.72 -1.535 2.045 2.202
228.400   8.26 -1.590 2.077 1.923
228.600   9.81 -1.548 2.065 1.972
228.800  11.05 -1.512 1.969 2.496
229.000   9.50 -1.530 2.060 2.500
229.200   9.13 -1.540 2.040 1.996
229.400  11.36 -1.584 2.032 1.943
229.600  10.89 -1.538 2.010 2.461
229.800   9.92 -1.531 1.968 2.499
230.000  10.55 -1.596 2.290 2.263
230.200  11.72 -1.604 1.943 2.283
230.400  11.09 -1.568 1.950 2.499
230.600  10.26 -1.556 1.973 2.485
230.800  12.03 -1.525 2.036 2.378
231.000  12.00 -1.543 1.980 2.183
231.200  10.25 -1.526 2.026 2.333
231.400  10.40 -1.536 1.906 2.491
231.600  11.55 -1.530 1.885 2.497
231.800  11.40 -1.506 1.779 2.056
232.000  13.40 -1.508 1.907 2.449
232.400  13.90 -1.523 1.903 2.487
232.800  13.05 -1.593 1.847 2.062
233.200  14.00 -0.999 1.952 2.494
233.800  14.00 -0.707 1.908 2.495
234.200  14.00 -0.637 2.028 2.499
234.400  14.00 -0.911 2.031 2.496
234.800  14.00 -0.923 1.953 2.499
235.400  12.87 -1.556 2.096 2.026
236.200  10.30 -1.551 1.792 1.889
236.400   9.57 -1.553 1.783 1.807
236.600  10.35 -1.579 1.798 2.499
236.800  10.02 -1.579 1.807 2.494
237.000   9.10 -1.605 1.914 2.500
237.200   9.48 -1.522 1.839 1.983
237.400  10.66 -1.580 1.772 2.494
237.600  11.24 -1.505 1.813 2.492
237.800  10.22 -1.520 2.075 2.496
238.000  11.80 -1.523 2.015 2.500
238.200  14.00 -1.510 1.880 2.496
238.400  14.00 -1.438 1.814 2.491
238.600  13.37 -1.530 2.492 2.493
238.800  14.00 -1.178 2.118 2.491
239.000  14.00 -0.579 2.077 2.421
239.200  14.00 -0.556 1.928 2.491
239.400  14.00 -0.793 1.937 2.493
239.600  14.00 -0.580 1.928 2.491
240.000  14.00 -0.685 1.884 2.214
240.200  14.00 -1.114 1.706 2.497
240.400  14.00 -0.883 1.774 2.495
240.600  14.00 -0.663 1.586 2.010
240.800  14.00 -1.083 1.575 1.985
241.000  14.00 -1.410 1.554 2.498
241.200  14.00 -1.162 1.990 2.500
241.400  14.00 -0.879 1.662 2.246
241.600  14.00 -1.051 1.665 2.391
241.800  14.00 -0.965 1.673 2.492
242.000  14.00 -0.576 2.494 2.485
242.200  14.00 -0.658 1.817 2.500
242.400  14.00 -0.915 1.808 2.496
242.600  14.00 -0.931 1.840 2.498
242.800  14.00 -0.739 1.965 2.499
243.000  14.00 -0.841 1.933 2.491
243.200  14.00 -0.816 1.841 2.490
243.400  14.00 -0.522 1.965 2.430
243.600  14.00 -0.528 2.018 2.498
243.800  14.00 -0.852 2.491 2.497
244.000  14.00 -0.861 1.720 2.492
244.200  14.00 -0.757 1.753 2.320
244.400  14.00 -1.041 1.884 2.207
244.600  13.70 -1.523 2.476 2.369
244.800  14.00 -1.062 1.803 2.344
245.000  14.00 -0.747 1.562 2.112
245.200  14.00 -1.404 1.683 2.206
245.400  13.10 -1.531 2.148 2.466
245.600  14.00 -1.008 1.935 2.499
245.800  14.00 -0.644 1.517 2.269
246.000  14.00 -1.057 1.623 2.287
246.200  14.00 -1.193 1.718 2.493
246.400  14.00 -0.508 1.882 2.493
246.800  14.00 -0.969 1.724 2.497
247.000  14.00 -1.057 1.828 2.495
247.200  14.00 -0.506 2.001 2.494
247.400  14.00 -0.534 1.801 2.494
247.600  14.00 -1.048 1.544 2.494
247.800  14.00 -1.051 1.844 2.493
#lo_ghz dbm pll_if_power pa_0 pa_1
248.000  14.00 -0.645 2.164 2.493
248.200  14.00 -0.919 2.121 2.493
248.400  13.80 -1.539 1.568 2.494
248.600  14.00 -1.304 1.532 2.337
248.800  14.00 -0.889 1.847 2.403
249.000  13.90 -1.541 2.387 2.429
249.200  12.32 -1.557 1.630 2.478
249.400  13.10 -1.502 1.384 2.136
249.600  14.00 -1.582 1.606 2.310
249.800  12.58 -1.557 1.934 2.287
250.000  12.30 -1.519 1.644 2.440
250.200  13.90 -1.533 1.450 2.116
250.400  13.60 -1.530 1.443 2.173
250.600  12.04 -1.534 1.791 2.361
250.800  12.62 -1.576 1.846 2.495
251.000  14.00 -1.354 1.509 2.364
251.200  13.70 -1.509 1.530 2.321
251.400  13.12 -1.546 1.892 2.493
251.600  14.00 -1.257 2.346 2.428
251.800  14.00 -0.770 1.820 2.397
252.000  14.00 -1.100 1.745 2.406
252.200  14.00 -1.143 1.892 2.494
252.400  14.00 -0.732 2.497 2.494
252.600  14.00 -0.559 2.235 2.496
252.800  14.00 -1.191 1.899 2.265
253.000  14.00 -1.460 1.904 2.240
253.200  14.00 -1.035 1.992 2.457
253.400  14.00 -1.259 2.227 2.448
253.600  12.79 -1.528 1.884 2.333
253.800  12.96 -1.519 1.755 1.922
254.000  14.00 -1.467 1.862 2.099
254.400  11.35 -1.531 1.714 2.249
254.600  12.26 -1.545 1.771 1.943
255.200  11.81 -1.510 1.733 2.184
255.800  12.65 -1.567 1.851 2.000
256.000  13.77 -1.510 1.837 2.198
256.400  14.00 -0.947 1.740 2.225
257.600  14.00 -0.621 2.152 2.149
258.800  14.00 -1.169 1.632 2.061
260.200  14.00 -0.818 1.780 1.864
260.400  14.00 -0.716 1.841 1.985
261.600  14.00 -0.564 1.887 2.095
261.800  14.00 -0.906 1.893 2.108
262.000  14.00 -1.073 2.075 2.122
262.200  14.00 -1.031 2.062 1.945
262.400  14.00 -1.145 1.832 1.914
262.600  14.00 -0.764 1.770 2.014
