#lo_ghz dbm pll_if_power pa_0 pa_1
221.000   9.80 -1.563 2.500 2.488
221.200  11.65 -1.528 2.491 2.466
221.400   9.00 -1.522 2.493 2.494
221.600   7.30 -1.526 2.200 2.496
221.800   8.33 -1.556 2.427 2.492
222.000   8.77 -1.537 2.497 2.498
222.200   6.69 -1.551 2.494 2.490
222.400   5.90 -1.529 2.296 2.443
222.600   8.43 -1.574 2.097 2.161
222.800   7.66 -1.566 2.242 2.457
223.000   5.70 -1.516 2.250 2.498
223.200   6.73 -1.567 2.243 2.363
223.400   7.86 -1.501 1.962 2.110
223.600   6.85 -1.599 1.946 2.138
223.800   4.88 -1.519 2.028 2.495
224.000   7.32 -1.613 2.208 2.489
224.200   8.92 -1.541 2.162 2.336
224.400   6.81 -1.536 2.165 2.399
224.600   6.53 -1.579 2.110 2.499
224.800   8.96 -1.591 2.310 2.499
225.000  10.60 -1.517 2.460 2.499
225.200   7.96 -1.505 2.499 2.485
225.400   8.33 -1.573 2.469 2.482
225.600  11.17 -1.500 2.347 2.499
225.800  11.80 -1.509 2.152 2.244
226.000   9.33 -1.502 2.144 2.195
226.200   9.54 -1.524 2.069 2.495
226.400  12.95 -1.567 2.200 2.491
226.600  12.65 -1.554 2.305 2.182
226.800   9.82 -1.540 1.974 2.086
227.000  10.30 -1.515 1.975 2.176
227.200  11.97 -1.560 1.975 2.399
227.400  10.64 -1.552 2.337 2.025
227.600   7.42 -1.511 1.989 1.974
227.800   8.49 -1.513 2.011 2.110
228.000  10.97 -1.522 2.071 2.500
228.200   8.94 -1.512 2.349 2.163
228.400   8.11 -1.522 2.499 1.904
228.600   9.39 -1.511 2.497 1.953
228.800  11.00 -1.579 2.440 2.447
229.000   9.20 -1.512 2.373 2.490
229.200   8.72 -1.514 2.373 1.976
229.400  10.85 -1.559 2.345 1.933
229.600  10.49 -1.572 2.226 2.421
229.800   9.16 -1.543 2.272 2.480
230.000   9.32 -1.520 2.495 2.215
230.200  10.68 -1.528 2.168 2.224
230.400   9.75 -1.501 2.195 2.489
230.600   8.71 -1.539 2.209 2.495
230.800  10.58 -1.540 2.487 2.261
231.000  10.44 -1.515 2.166 2.115
231.200   8.61 -1.503 2.212 2.254
231.400   8.68 -1.527 2.043 2.491
231.600  10.04 -1.535 2.032 2.497
231.800  10.11 -1.513 1.925 1.997
232.000   8.27 -1.513 1.955 1.929
232.200   9.67 -1.504 2.047 2.497
232.400  12.08 -1.503 2.099 2.496
232.600  12.00 -1.551 2.058 2.100
232.800  11.15 -1.572 2.044 1.994
233.000  12.00 -1.532 1.990 2.447
233.200  13.97 -1.511 2.246 2.445
233.400  13.40 -1.540 2.482 2.491
233.600  13.30 -1.517 2.046 1.975
233.800  13.90 -1.096 2.123 2.337
234.000  13.90 -0.811 2.054 2.494
234.200  13.90 -0.929 2.381 2.470
234.400  14.00 -1.244 2.492 2.339
234.600  13.90 -1.056 2.356 2.241
234.800  13.90 -1.078 2.149 2.499
235.000  14.00 -1.543 2.187 2.493
235.200  13.40 -1.507 2.494 2.485
235.400  13.00 -1.555 2.331 2.016
235.600  12.59 -1.523 2.254 1.981
235.800  11.77 -1.594 2.116 2.486
236.000  11.15 -1.533 2.144 2.491
236.200  10.74 -1.528 1.900 1.870
236.400   9.83 -1.526 1.843 1.826
236.600  10.46 -1.515 1.867 2.479
236.800  10.03 -1.557 1.876 2.494
237.000   8.90 -1.532 2.061 2.422
237.200   8.80 -1.537 1.966 1.973
237.400   9.70 -1.503 1.842 2.386
237.600  10.50 -1.525 1.891 2.472
237.800   9.40 -1.537 2.438 2.496
238.000  10.70 -1.506 2.241 2.500
238.200  12.93 -1.504 2.018 2.407
238.400  13.46 -1.519 1.933 2.491
238.600  12.67 -1.519 2.492 2.493
238.800  13.80 -1.578 2.432 2.491
239.000  13.90 -0.781 2.283 2.303
239.200  13.90 -0.784 2.066 2.393
239.400  13.90 -1.095 2.075 2.483
239.600  13.90 -0.877 2.095 2.422
239.800  13.90 -0.791 2.097 2.044
240.000  13.90 -1.033 1.992 2.107
240.200  13.50 -1.519 1.794 2.497
240.400  14.00 -1.467 1.910 2.495
240.600  13.90 -1.048 1.703 1.932
240.800  13.80 -1.568 1.682 1.897
241.000  12.90 -1.541 1.671 2.381
241.200  13.50 -1.512 2.461 2.490
241.400  14.00 -1.230 1.839 2.099
241.600  14.00 -1.412 1.812 2.185
241.800  14.00 -1.307 1.800 2.472
242.000  13.90 -0.807 2.494 2.495
242.200  13.90 -0.876 1.964 2.451
242.400  13.90 -1.108 1.886 2.456
242.600  13.90 -1.107 1.880 2.498
242.800  13.90 -0.910 1.965 2.499
243.000  13.90 -1.001 1.973 2.491
243.200  13.90 -1.067 1.851 2.500
243.400  13.90 -0.728 2.004 2.215
243.600  13.90 -0.788 2.106 2.390
243.800  14.00 -1.274 2.471 2.497
244.000  14.00 -1.243 1.825 2.496
244.200  13.90 -0.958 1.850 2.180
244.400  14.00 -1.236 2.032 2.079
244.600  13.10 -1.520 2.471 2.201
244.800  14.00 -1.266 1.932 2.185
245.000  13.90 -0.827 1.589 1.992
245.200  13.90 -1.504 1.690 2.070
245.400  12.50 -1.577 2.193 2.256
245.600  14.00 -1.330 1.959 2.273
245.800  13.90 -0.738 1.458 2.101
246.000  14.00 -1.208 1.565 2.116
246.200  14.00 -1.443 1.684 2.339
246.400  14.00 -0.619 1.862 2.454
246.800  13.90 -0.899 1.811 2.453
247.000  13.90 -1.054 1.964 2.495
247.200  14.00 -0.519 2.433 2.406
247.400  14.00 -0.522 2.128 2.464
247.600  13.90 -1.029 1.735 2.457
247.800  13.90 -1.112 2.107 2.474
248.000  13.90 -0.653 2.499 2.384
248.200  13.90 -0.875 2.494 2.414
248.400  13.70 -1.503 1.715 2.288
248.600  14.00 -1.408 1.630 2.131
248.800  13.90 -0.976 1.974 2.167
249.000  13.40 -1.502 2.466 2.194
249.200  11.40 -1.501 1.758 2.223
249.400  12.20 -1.508 1.492 1.998
249.600  12.95 -1.526 1.743 2.134
249.800  11.54 -1.515 2.218 2.120
250.000  11.22 -1.556 1.821 2.215
250.200  12.84 -1.534 1.666 1.988
250.400  12.67 -1.532 1.668 2.055
250.600  11.17 -1.535 2.143 2.195
250.800  11.46 -1.628 2.228 2.279
251.000  13.24 -1.540 1.735 2.207
251.200  12.62 -1.542 1.755 2.184
251.400  11.91 -1.557 2.128 2.327
251.600  14.00 -1.537 2.492 2.281
251.800  13.90 -0.902 1.957 2.250
252.000  13.90 -1.159 1.863 2.268
252.200  14.00 -1.305 2.028 2.445
252.400  13.90 -0.841 2.498 2.465
252.600  14.00 -0.643 2.500 2.438
252.800  14.00 -1.306 1.996 2.187
253.000  13.80 -1.542 2.052 2.172
253.200  14.00 -1.180 2.198 2.320
253.400  14.00 -1.322 2.482 2.301
253.600  12.80 -1.517 2.021 2.234
253.800  13.00 -1.558 1.873 1.892
254.000  14.00 -1.479 2.039 2.040
254.200  12.62 -1.526 2.117 2.106
254.400  11.07 -1.518 1.832 2.171
254.600  11.78 -1.520 1.849 1.894
254.800  12.83 -1.512 1.845 1.812
255.000  11.78 -1.525 2.046 1.986
255.200  11.13 -1.516 1.802 2.105
255.400  12.38 -1.507 1.637 2.096
255.600  12.63 -1.525 1.797 1.872
255.800  11.58 -1.584 1.891 1.962
256.000  12.32 -1.513 1.916 2.120
256.200  13.95 -1.391 1.676 2.354
256.400  13.90 -1.517 1.750 2.137
256.600  13.20 -1.524 1.887 2.089
256.800  13.90 -1.138 1.919 2.180
257.000  13.90 -0.787 1.824 2.311
257.200  14.00 -1.293 1.880 2.041
257.400  13.70 -1.512 2.034 2.007
257.600  13.90 -1.037 2.181 2.070
257.800  13.90 -0.993 1.980 1.997
258.000  12.80 -1.555 1.887 1.982
258.200  12.40 -1.552 2.092 1.877
258.400  14.00 -1.242 2.090 1.938
258.600  14.00 -1.398 2.224 1.990
258.800  13.10 -1.522 1.670 1.963
259.000  13.90 -1.531 1.655 1.838
259.200  13.90 -0.908 1.788 1.672
259.400  13.90 -1.536 1.822 1.859
259.600  12.10 -1.511 1.687 1.923
259.800  13.30 -1.504 1.462 1.912
260.000  14.00 -1.302 1.570 1.764
260.200  13.80 -1.576 1.750 1.786
260.400  13.90 -1.554 1.851 1.897
260.600  13.90 -0.876 1.795 2.027
260.800  13.90 -0.740 1.778 2.029
261.000  13.90 -0.864 1.908 1.905
261.200  13.90 -0.929 2.216 1.889
261.400  13.90 -0.975 1.975 1.845
261.600  13.70 -1.517 1.858 2.006
261.800  12.70 -1.539 1.873 2.010
262.000  12.80 -1.566 2.026 2.015
262.200  13.04 -1.509 2.032 1.847
262.400  12.38 -1.523 1.823 1.816
262.600  13.41 -1.554 1.721 1.907
262.800  13.90 -1.158 1.756 2.031
263.000  13.90 -0.935 2.066 2.057
263.200  13.90 -0.940 2.001 1.849
263.400  13.90 -0.768 1.760 1.769
263.600  14.00 -0.628 1.719 1.768
263.800  13.90 -0.864 1.848 1.962
264.000  13.90 -1.092 1.997 1.833
264.200  13.90 -0.767 1.855 1.738
