# mixer table after LN2 yfactor testing on 20200811.
#lo_ghz  mv01 mv02  mv11 mv12   ua01  ua02   ua11  ua12
221.00  -8.30 8.30 -8.50 8.45  -38.27 32.14 -38.10 36.65
221.10  -8.45 8.25 -8.35 8.30  -35.35 28.85 -27.46 25.21
221.20  -8.30 8.15 -8.15 8.20  -34.17 27.74 -21.19 18.88
221.60  -8.50 8.45 -8.30 8.35  -45.51 37.64 -29.58 27.53
221.80  -8.50 8.40 -8.35 8.45  -45.72 37.95 -35.96 34.58
221.90  -8.45 8.25 -8.35 8.40  -39.67 32.74 -32.73 30.96
225.00  -8.60 8.55 -8.40 8.35  -45.21 41.08 -37.65 36.31
229.00  -8.45 8.60 -8.25 8.55  -47.20 43.35 -32.75 33.38
233.00  -8.60 8.65 -8.60 8.75  -45.12 41.95 -49.61 50.39
234.70  -8.60 8.55 -8.80 8.70  -45.98 42.38 -52.19 50.66                                              
235.00  -8.60 8.50 -8.50 8.40  -45.77 42.11 -28.11 25.57
235.50  -8.75 8.45 -8.70 8.60  -46.55 42.64 -62.51 61.70
235.90  -8.75 8.45 -8.45 8.45  -46.92 43.49 -31.52 29.55
236.30  -8.75 8.50 -8.70 8.70  -48.23 44.73 -62.80 63.54
236.80  -8.60 8.50 -8.45 8.45  -47.21 43.72 -28.96 27.19
237.00  -8.60 8.65 -8.65 8.65  -47.61 45.01 -52.71 52.86
237.20  -8.60 8.50 -8.70 8.70  -47.40 43.57 -60.97 60.72
241.00  -8.50 8.70 -8.60 8.85  -45.37 44.97 -55.54 58.83
245.00  -8.55 8.70 -8.70 8.80  -44.88 49.31 -60.61 65.17
249.00  -8.70 8.70 -8.80 8.90  -31.11 30.06 -61.56 67.41
253.00  -8.80 8.75 -8.80 9.00  -47.48 47.62 -60.18 63.85
257.00  -8.95 8.90 -8.95 9.10  -51.28 50.71 -66.74 66.82
261.00  -9.05 9.00 -9.05 9.20  -53.78 51.81 -72.20 71.25
264.00  -9.15 9.10 -9.15 9.30  -57.35 52.73 -71.91 76.97
