# mixer table following pol0 mixer block replacement, 20200218.
# updated after on-sky yfactor testing on 20200225.
#lo_ghz  mv01 mv02  mv11 mv12   ua01  ua02   ua11  ua12
221.00  -8.40 8.40 -8.55 8.55  -43.10 36.44 -40.66 39.60
225.00  -8.60 8.55 -8.40 8.35  -45.21 41.08 -37.65 36.31
229.00  -8.45 8.60 -8.25 8.55  -47.20 43.35 -32.75 33.38
233.00  -8.60 8.65 -8.60 8.75  -45.12 41.95 -49.61 50.39
237.00  -8.60 8.65 -8.65 8.65  -47.61 45.01 -52.71 52.86
241.00  -8.50 8.70 -8.60 8.85  -45.37 44.97 -55.54 58.83
245.00  -8.55 8.70 -8.70 8.80  -44.88 49.31 -60.61 65.17
249.00  -8.70 8.70 -8.80 8.90  -31.11 30.06 -61.56 67.41
253.00  -8.80 8.75 -8.80 9.00  -47.48 47.62 -60.18 63.85
257.00  -8.95 8.90 -8.95 9.10  -51.28 50.71 -66.74 66.82
261.00  -9.05 9.00 -9.05 9.20  -53.78 51.81 -72.20 71.25
264.00  -9.15 9.10 -9.15 9.30  -57.35 52.73 -71.91 76.97
