# mixer table based on frequencies with high mixer current
# from testing with LN2 load done on 20200811 and 20200812.
#
#lo_ghz   mv01 mv02  mv11 mv12   ua01  ua02   ua11  ua12 
220.000  -8.35 8.45 -8.35 8.45  -44.89 39.35 -45.25 44.22
221.000  -8.35 8.25 -8.50 8.45  -38.31 32.14 -38.13 36.70
221.800  -8.55 8.45 -8.40 8.45  -45.84 37.89 -36.04 34.56
222.600  -8.55 8.45 -8.60 8.55  -44.67 39.74 -48.39 46.81
223.500  -8.50 8.45 -8.55 8.40  -44.32 39.86 -50.17 47.95
225.900  -8.70 8.45 -8.45 8.50  -46.24 41.65 -43.89 43.03
226.800  -8.55 8.45 -8.25 8.60  -48.71 42.40 -45.67 46.00
227.500  -8.60 8.50 -8.30 8.70  -46.09 42.78 -47.40 49.48
231.000  -8.40 8.60 -8.40 8.70  -45.13 43.53 -47.44 48.49
231.900  -8.55 8.60 -8.65 8.80  -45.94 42.33 -59.07 59.85
233.600  -8.45 8.55 -8.70 8.80  -45.94 43.40 -58.95 59.20
235.500  -8.55 8.45 -8.75 8.65  -46.06 42.66 -62.77 61.91
236.300  -8.75 8.55 -8.65 8.70  -48.23 44.86 -62.55 63.42
237.200  -8.70 8.65 -8.75 8.70  -47.77 44.00 -61.22 60.70
240.700  -8.60 8.60 -8.65 8.95  -46.49 44.30 -61.06 65.09
241.500  -8.60 8.60 -8.60 8.90  -44.20 45.79 -59.06 60.86
244.400  -8.70 8.70 -8.70 8.80  -42.63 40.92 -60.03 63.42
248.500  -8.85 8.85 -8.85 8.85  -44.98 48.99 -61.59 65.51
249.400  -8.90 8.90 -8.90 8.90  -49.01 47.16 -63.96 68.76
250.300  -8.90 8.90 -8.90 8.90  -48.95 47.44 -66.77 68.57
252.900  -9.00 9.00 -9.00 9.00  -47.71 46.84 -63.49 66.04
253.800  -9.00 9.00 -9.00 9.00  -47.19 47.56 -63.01 66.22
253.800  -7.75 7.75 -9.00 9.00  -44.83 44.27 -63.01 66.22
255.600  -7.85 7.85 -9.10 9.10  -44.46 43.29 -68.50 65.99
255.600  -7.85 7.85 -7.85 7.85  -44.46 43.29 -64.07 60.79
259.200  -7.95 7.95 -7.95 7.95  -47.13 45.95 -64.07 66.64
262.500  -8.05 8.05 -8.05 8.05  -50.73 47.29 -60.39 67.04
263.400  -8.10 8.10 -8.10 8.10  -51.11 46.22 -64.79 68.96
264.600  -8.15 8.15 -8.15 8.15  -54.86 44.78 -70.39 67.32
265.000  -8.15 8.15 -8.15 8.15  -53.20 44.36 -70.01 66.70

