# copied from (unused) b6_dbm.20200325.1414 + band6.ini
# supplemented with b6_dbm.20200327.0810 to fill gaps
# TODO: still gaps at 261+
# vdX is LO PA drain voltage for polX
# vgX is LO PA gate voltage for polX
#lo_ghz vd0   vd1   vg0  vg1
221.000 2.500 2.488 0.06 -0.19
221.200 2.491 2.496 0.06 -0.19
221.400 2.493 2.484 0.06 -0.19
221.600 2.181 2.496 0.06 -0.19
221.800 2.427 2.492 0.06 -0.19
222.000 2.497 2.498 0.06 -0.19
222.200 2.494 2.500 0.06 -0.19
222.400 2.218 2.493 0.06 -0.19
222.600 2.029 2.190 0.06 -0.19
222.800 2.203 2.477 0.06 -0.19
223.000 2.161 2.498 0.06 -0.19
223.200 2.204 2.421 0.06 -0.19
223.400 1.972 2.160 0.06 -0.19
223.600 1.975 2.138 0.06 -0.19
223.800 2.156 2.495 0.06 -0.19
224.000 2.345 2.498 0.06 -0.19
224.200 2.495 2.385 0.06 -0.19
224.400 2.489 2.429 0.06 -0.19
224.600 2.482 2.499 0.06 -0.19
224.800 2.496 2.489 0.06 -0.19
225.000 2.499 2.499 0.06 -0.19
225.200 2.499 2.495 0.06 -0.19
225.400 2.371 2.491 0.06 -0.19
225.600 2.376 2.499 0.06 -0.19
225.800 2.113 2.273 0.06 -0.19
226.000 2.115 2.254 0.06 -0.19
226.200 2.059 2.475 0.06 -0.19
226.400 2.111 2.491 0.06 -0.19
226.600 2.247 2.211 0.06 -0.19
226.800 1.925 2.095 0.06 -0.19
227.000 1.877 2.215 0.06 -0.19
227.200 1.886 2.458 0.06 -0.19
227.400 2.102 2.044 0.06 -0.19
227.600 1.862 2.004 0.06 -0.19
227.800 1.853 2.109 0.06 -0.19
228.000 1.845 2.490 0.06 -0.19
228.200 2.065 2.212 0.06 -0.19
228.400 2.097 1.923 0.06 -0.19
228.600 2.085 1.962 0.06 -0.19
228.800 1.989 2.496 0.06 -0.19
229.000 2.089 2.490 0.06 -0.19
229.200 2.089 1.976 0.06 -0.19
229.400 2.061 1.933 0.06 -0.19
229.600 2.030 2.451 0.06 -0.19
229.800 1.997 2.499 0.06 -0.19
230.000 2.417 2.283 0.06 -0.19
230.200 1.992 2.283 0.06 -0.19
230.400 1.999 2.499 0.06 -0.19
230.600 2.032 2.485 0.06 -0.19
230.800 2.154 2.447 0.06 -0.19
231.000 2.068 2.193 0.06 -0.19
231.200 2.134 2.343 0.06 -0.19
231.400 1.935 2.491 0.06 -0.19
231.600 1.924 2.497 0.06 -0.19
231.800 1.818 2.056 0.06 -0.19
232.000 1.858 1.978 0.06 -0.19
232.200 1.920 2.497 0.06 -0.19
232.400 1.942 2.487 0.06 -0.19
232.600 1.922 2.237 0.06 -0.19
232.800 1.906 2.062 0.06 -0.19
233.000 1.852 2.486 0.06 -0.19
233.200 2.030 2.494 0.06 -0.19
233.400 2.492 2.491 0.06 -0.19
233.600 1.957 2.024 0.06 -0.19
233.800 2.084 2.485 0.06 -0.19
234.000 1.975 2.494 0.06 -0.19
234.200 2.381 2.499 0.06 -0.19
234.400 2.492 2.496 0.06 -0.19
234.600 2.424 2.427 0.06 -0.19
234.800 2.100 2.499 0.06 -0.19
235.000 2.148 2.493 0.06 -0.19
235.200 2.485 2.495 0.06 -0.19
235.400 2.410 2.075 0.06 -0.19
235.600 2.234 2.010 0.06 -0.19
235.800 2.106 2.496 0.06 -0.19
236.000 2.124 2.491 0.06 -0.19
236.200 1.861 1.909 0.06 -0.19
236.400 1.842 1.817 0.06 -0.19
236.600 1.857 2.499 0.06 -0.19
236.800 1.866 2.494 0.06 -0.19
237.000 2.110 2.500 0.06 -0.19
237.200 1.966 2.012 0.06 -0.19
237.400 1.841 2.494 0.06 -0.19
237.600 1.891 2.472 0.06 -0.19
237.800 2.487 2.496 0.06 -0.19
238.000 2.339 2.500 0.06 -0.19
238.200 1.988 2.496 0.06 -0.19
238.400 1.883 2.491 0.06 -0.19
238.600 2.492 2.493 0.06 -0.19
238.800 2.500 2.491 0.06 -0.19
239.000 2.391 2.499 0.06 -0.19
239.200 2.046 2.491 0.06 -0.19
239.400 2.025 2.493 0.06 -0.19
239.600 2.085 2.491 0.06 -0.19
239.800 2.088 2.181 0.06 -0.19
240.000 1.972 2.224 0.06 -0.19
240.200 1.716 2.487 0.06 -0.19
240.400 1.813 2.495 0.06 -0.19
240.600 1.625 2.059 0.06 -0.19
240.800 1.595 2.024 0.06 -0.19
241.000 1.564 2.498 0.06 -0.19
241.200 2.098 2.500 0.06 -0.19
241.400 1.731 2.295 0.06 -0.19
241.600 1.714 2.440 0.06 -0.19
241.800 1.712 2.492 0.06 -0.19
242.000 2.494 2.485 0.06 -0.19
242.200 1.925 2.490 0.06 -0.19
242.400 1.896 2.496 0.06 -0.19
242.600 1.918 2.498 0.06 -0.19
242.800 2.073 2.499 0.06 -0.19
243.000 2.080 2.491 0.06 -0.19
243.200 1.939 2.480 0.06 -0.19
243.400 2.122 2.489 0.06 -0.19
243.600 2.214 2.498 0.06 -0.19
243.800 2.481 2.497 0.06 -0.19
244.000 1.740 2.482 0.06 -0.19
244.200 1.763 2.457 0.06 -0.19
244.400 1.884 2.266 0.06 -0.19
244.600 2.476 2.447 0.06 -0.19
244.800 1.842 2.432 0.06 -0.19
245.000 1.562 2.132 0.06 -0.19
245.200 1.683 2.235 0.06 -0.19
245.400 2.187 2.495 0.06 -0.19
245.600 2.004 2.499 0.06 -0.19
245.800 1.537 2.347 0.06 -0.19
246.000 1.613 2.307 0.06 -0.19
246.200 1.728 2.493 0.06 -0.19
246.400 1.872 2.493 0.06 -0.19
246.600 1.649 2.498 0.06 -0.19
246.800 1.734 2.497 0.06 -0.19
247.000 1.828 2.495 0.06 -0.19
247.200 2.001 2.494 0.06 -0.19
247.400 1.821 2.494 0.06 -0.19
247.600 1.534 2.494 0.06 -0.19
247.800 1.854 2.493 0.06 -0.19
248.000 2.233 2.493 0.06 -0.19
248.200 2.494 2.493 0.06 -0.19
248.400 1.578 2.494 0.06 -0.19
248.600 1.542 2.425 0.06 -0.19
248.800 1.896 2.491 0.06 -0.19
249.000 2.475 2.498 0.06 -0.19
249.200 1.650 2.488 0.06 -0.19
249.400 1.384 2.165 0.06 -0.19
249.600 1.616 2.359 0.06 -0.19
249.800 2.032 2.375 0.06 -0.19
250.000 1.654 2.499 0.06 -0.19
250.200 1.450 2.155 0.06 -0.19
250.400 1.443 2.212 0.06 -0.19
250.600 1.820 2.479 0.06 -0.19
250.800 1.905 2.495 0.06 -0.19
251.000 1.529 2.472 0.06 -0.19
251.200 1.530 2.419 0.06 -0.19
251.400 1.941 2.493 0.06 -0.19
251.600 2.493 2.487 0.06 -0.19
251.800 1.859 2.495 0.06 -0.19
252.000 1.765 2.494 0.06 -0.19
252.200 1.931 2.494 0.06 -0.19
252.400 2.497 2.494 0.06 -0.19
252.600 2.500 2.496 0.06 -0.19
252.800 1.938 2.324 0.06 -0.19
253.000 1.924 2.289 0.06 -0.19
253.200 2.041 2.496 0.06 -0.19
253.400 2.482 2.497 0.06 -0.19
253.600 1.913 2.411 0.06 -0.19
253.800 1.765 1.951 0.06 -0.19
254.000 1.882 2.138 0.06 -0.19
254.200 1.970 2.233 0.06 -0.19
254.400 1.734 2.308 0.06 -0.19
254.600 1.781 1.972 0.06 -0.19
254.800 1.786 1.862 0.06 -0.19
255.000 1.967 2.084 0.06 -0.19
255.200 1.753 2.223 0.06 -0.19
255.400 1.607 2.214 0.06 -0.19
255.600 1.777 1.940 0.06 -0.19
255.800 1.861 2.020 0.06 -0.19
256.000 1.886 2.237 0.06 -0.19
256.200 1.676 2.481 0.06 -0.19
256.400 1.750 2.264 0.06 -0.19
256.600 1.887 2.187 0.06 -0.19
256.800 1.919 2.289 0.06 -0.19
257.000 1.805 2.458 0.06 -0.19
257.200 1.871 2.159 0.06 -0.19
257.400 2.034 2.105 0.06 -0.19
257.600 2.201 2.178 0.06 -0.19
257.800 1.931 2.095 0.06 -0.19
258.000 1.858 2.070 0.06 -0.19
258.200 2.101 1.965 0.06 -0.19
258.400 2.090 2.026 0.06 -0.19
258.600 2.283 2.108 0.06 -0.19
258.800 1.632 2.081 0.06 -0.19
259.000 1.646 1.946 0.06 -0.19
259.200 1.807 1.751 0.06 -0.19
259.400 1.802 1.948 0.06 -0.19
259.600 1.688 2.011 0.06 -0.19
259.800 1.453 2.020 0.06 -0.19
260.000 1.600 1.853 0.06 -0.19
260.200 1.790 1.874 0.06 -0.19
260.400 1.851 1.995 0.06 -0.19
260.600 1.844 2.144 0.06 -0.19
261.600 1.897 2.124 0.06 -0.19
261.800 1.903 2.128 0.06 -0.19
262.000 2.085 2.132 0.06 -0.19
262.200 2.072 1.955 0.06 -0.19
262.400 1.832 1.924 0.06 -0.19
262.600 1.770 2.034 0.06 -0.19
262.800 1.795 2.158 0.06 -0.19
263.000 2.174 2.204 0.06 -0.19
263.200 2.080 1.976 0.06 -0.19
263.400 1.819 1.897 0.06 -0.19
263.800 1.966 2.139 0.06 -0.19
264.000 2.125 1.981 0.06 -0.19
264.200 1.952 1.855 0.06 -0.19
