#lo_ghz dbm pll_if_power pa_0 pa_1
283.000 -11.60 -1.528 0.587 0.661
283.200 -12.92 -1.516 0.582 0.637
283.400 -13.13 -1.537 0.606 0.604
283.600 -11.55 -1.503 0.610 0.570
283.800 -11.46 -1.504 0.654 0.556
284.000 -12.68 -1.539 0.688 0.552
284.200 -12.59 -1.507 0.682 0.577
284.400 -11.31 -1.507 0.618 0.612
284.600 -11.42 -1.525 0.563 0.647
284.800 -12.64 -1.508 0.548 0.662
285.000 -11.65 -1.530 0.572 0.638
285.200 -10.66 -1.528 0.645 0.604
285.400 -11.08 -1.514 0.679 0.541
285.600 -12.19 -1.514 0.683 0.527
285.800 -11.11 -1.536 0.629 0.553
286.000 -10.72 -1.538 0.564 0.607
286.200 -11.26 -1.533 0.549 0.662
286.400 -11.89 -1.504 0.563 0.677
286.600 -10.93 -1.530 0.607 0.634
286.800 -11.36 -1.503 0.660 0.570
287.000 -12.00 -1.525 0.665 0.537
287.200 -12.07 -1.527 0.650 0.532
287.400 -11.44 -1.509 0.636 0.585
287.600 -12.31 -1.523 0.572 0.639
287.800 -12.48 -1.508 0.528 0.653
288.000 -11.85 -1.517 0.534 0.638
288.200 -11.50 -1.517 0.617 0.613
288.400 -12.75 -1.511 0.681 0.569
288.600 -12.30 -1.520 0.686 0.544
288.800 -11.45 -1.537 0.642 0.549
289.000 -11.60 -1.507 0.589 0.563
289.200 -12.85 -1.536 0.535 0.607
289.400 -11.80 -1.516 0.540 0.631
289.600 -11.05 -1.518 0.614 0.646
289.800 -11.60 -1.538 0.639 0.621
290.000 -12.85 -1.508 0.663 0.586
290.200 -11.62 -1.506 0.639 0.552
290.400 -10.99 -1.505 0.615 0.546
290.600 -12.06 -1.502 0.581 0.561
290.800 -12.73 -1.520 0.566 0.614
291.000 -11.60 -1.534 0.572 0.648
291.200 -11.13 -1.513 0.583 0.665
291.400 -12.65 -1.527 0.604 0.633
291.600 -12.58 -1.521 0.645 0.590
291.800 -11.70 -1.506 0.676 0.558
292.000 -11.33 -1.524 0.629 0.545
292.200 -12.87 -1.526 0.562 0.552
292.400 -12.42 -1.507 0.525 0.588
292.600 -11.56 -1.533 0.526 0.604
292.800 -11.81 -1.530 0.577 0.621
293.000 -13.05 -1.513 0.618 0.618
293.200 -12.08 -1.507 0.639 0.595
293.400 -11.40 -1.513 0.631 0.563
293.600 -12.13 -1.501 0.584 0.530
293.800 -12.65 -1.517 0.546 0.537
294.000 -11.68 -1.517 0.519 0.554
294.200 -11.02 -1.540 0.511 0.590
294.400 -12.27 -1.510 0.542 0.636
294.600 -12.31 -1.519 0.592 0.652
294.800 -11.36 -1.537 0.604 0.620
295.000 -11.40 -1.515 0.606 0.578
295.200 -12.43 -1.512 0.591 0.536
295.400 -11.95 -1.515 0.537 0.523
295.600 -10.98 -1.528 0.503 0.541
295.800 -11.40 -1.524 0.518 0.616
296.000 -12.53 -1.536 0.562 0.663
296.200 -11.97 -1.508 0.616 0.660
296.400 -11.62 -1.511 0.630 0.609
296.600 -12.06 -1.501 0.596 0.587
296.800 -12.81 -1.501 0.542 0.525
297.000 -12.25 -1.524 0.508 0.513
297.200 -12.36 -1.537 0.493 0.540
297.400 -12.96 -1.506 0.528 0.576
297.600 -13.07 -1.530 0.562 0.603
297.800 -12.57 -1.519 0.587 0.601
298.000 -12.78 -1.532 0.601 0.579
298.200 -12.86 -1.537 0.577 0.547
298.400 -12.75 -1.528 0.543 0.524
298.600 -12.53 -1.539 0.528 0.532
298.800 -13.02 -1.501 0.504 0.539
299.000 -12.60 -1.539 0.518 0.546
299.200 -12.02 -1.501 0.553 0.570
299.400 -12.34 -1.516 0.598 0.575
299.600 -12.66 -1.503 0.603 0.579
299.800 -12.28 -1.536 0.589 0.584
300.000 -11.30 -1.521 0.555 0.549
300.200 -12.26 -1.516 0.511 0.524
300.400 -12.52 -1.529 0.526 0.519
300.600 -12.18 -1.542 0.561 0.534
300.800 -11.54 -1.501 0.605 0.577
301.000 -12.60 -1.521 0.601 0.621
301.200 -12.76 -1.513 0.596 0.645
301.400 -12.12 -1.532 0.572 0.611
301.600 -11.78 -1.531 0.558 0.566
301.800 -13.24 -1.537 0.553 0.531
302.000 -13.40 -1.511 0.559 0.526
302.200 -12.94 -1.524 0.574 0.550
302.400 -12.98 -1.507 0.569 0.614
302.600 -14.22 -1.503 0.594 0.658
302.800 -13.96 -1.509 0.619 0.652
303.000 -13.60 -1.508 0.624 0.627
303.200 -13.91 -1.530 0.582 0.585
303.400 -14.62 -1.506 0.530 0.562
303.600 -14.63 -1.508 0.517 0.540
303.800 -14.24 -1.512 0.563 0.576
304.000 -14.65 -1.509 0.628 0.593
304.200 -14.52 -1.515 0.693 0.629
304.400 -14.49 -1.531 0.680 0.635
304.600 -14.46 -1.536 0.618 0.652
304.800 -14.83 -1.502 0.576 0.610
305.000 -14.10 -1.500 0.553 0.597
305.200 -14.13 -1.512 0.570 0.564
305.400 -14.26 -1.519 0.606 0.552
305.600 -14.49 -1.503 0.622 0.578
305.800 -13.62 -1.529 0.629 0.614
306.000 -14.25 -1.502 0.625 0.650
306.200 -13.20 -2.162 0.603 0.667
306.400 -13.25 -1.518 0.590 0.654
306.600 -12.20 -1.525 0.577 0.602
306.800 -12.95 -1.520 0.564 0.560
307.000 -13.40 -1.521 0.551 0.557
307.200 -12.72 -1.541 0.584 0.578
307.400 -12.03 -1.536 0.618 0.600
307.600 -13.05 -1.503 0.651 0.631
307.800 -13.66 -1.506 0.655 0.643
308.000 -12.88 -1.543 0.591 0.625
308.200 -12.67 -1.532 0.556 0.617
308.400 -13.77 -1.507 0.540 0.590
308.600 -13.96 -1.539 0.584 0.572
308.800 -12.86 -1.542 0.627 0.574
309.000 -13.05 -1.505 0.651 0.586
309.200 -14.14 -1.519 0.645 0.607
309.400 -14.14 -1.543 0.600 0.609
309.600 -13.43 -1.512 0.575 0.611
309.800 -13.83 -1.516 0.550 0.613
310.000 -14.92 -1.509 0.564 0.605
310.200 -14.94 -1.518 0.568 0.578
310.400 -14.25 -1.537 0.572 0.551
310.600 -15.07 -1.518 0.596 0.543
310.800 -15.48 -1.540 0.610 0.554
311.000 -15.50 -1.509 0.634 0.596
311.200 -15.06 -1.504 0.619 0.625
311.400 -15.72 -1.511 0.595 0.644
311.600 -15.58 -1.518 0.541 0.614
311.800 -15.24 -1.504 0.537 0.574
312.000 -15.30 -1.537 0.561 0.535
312.200 -15.42 -1.529 0.625 0.524
312.400 -15.24 -1.518 0.660 0.553
312.600 -14.46 -1.549 0.655 0.592
312.800 -15.18 -1.509 0.602 0.621
313.000 -14.90 -1.541 0.548 0.621
313.200 -14.60 -1.536 0.533 0.610
313.400 -14.40 -1.517 0.558 0.571
313.600 -15.20 -1.544 0.603 0.541
313.800 -14.80 -1.535 0.637 0.530
314.000 -14.40 -1.532 0.632 0.550
314.200 -14.28 -1.517 0.598 0.569
314.400 -15.36 -1.524 0.574 0.598
314.600 -14.64 -1.522 0.550 0.617
314.800 -14.32 -1.508 0.555 0.597
315.000 -14.30 -1.543 0.550 0.596
315.200 -15.18 -1.517 0.574 0.575
315.400 -14.15 -1.540 0.587 0.544
315.600 -13.93 -1.501 0.600 0.533
315.800 -14.40 -1.548 0.624 0.551
316.000 -15.28 -1.502 0.627 0.579
316.200 -14.21 -1.535 0.592 0.607
316.400 -13.65 -1.544 0.566 0.635
316.600 -14.48 -1.511 0.550 0.633
316.800 -14.72 -1.502 0.583 0.593
317.000 -14.25 -1.546 0.616 0.572
317.200 -13.94 -1.515 0.639 0.551
317.400 -14.84 -1.513 0.652 0.559
317.600 -15.03 -1.519 0.617 0.587
317.800 -14.93 -1.520 0.581 0.634
318.000 -14.82 -1.538 0.575 0.643
318.200 -15.38 -1.539 0.569 0.631
318.400 -15.53 -1.531 0.592 0.620
318.600 -15.59 -1.549 0.625 0.579
318.800 -15.54 -1.513 0.629 0.568
319.000 -15.60 -1.514 0.622 0.576
319.200 -15.71 -1.544 0.611 0.592
319.400 -16.22 -1.521 0.610 0.608
319.600 -15.63 -1.541 0.589 0.633
319.800 -15.34 -1.503 0.587 0.649
320.000 -15.15 -1.541 0.586 0.645
320.200 -15.62 -1.505 0.613 0.622
320.400 -14.69 -1.523 0.641 0.618
320.600 -14.16 -1.517 0.669 0.594
320.800 -14.33 -1.528 0.668 0.571
321.000 -15.00 -1.535 0.656 0.596
321.200 -14.17 -1.509 0.596 0.612
321.400 -13.24 -1.532 0.565 0.638
321.600 -13.71 -1.506 0.593 0.683
321.800 -14.18 -1.525 0.631 0.679
322.000 -13.85 -1.525 0.678 0.646
322.200 -12.96 -1.529 0.696 0.613
322.400 -13.67 -1.536 0.695 0.589
322.600 -14.28 -1.526 0.635 0.585
322.800 -14.09 -1.532 0.594 0.611
323.000 -13.40 -1.543 0.583 0.685
323.200 -13.99 -1.523 0.602 0.703
323.400 -14.37 -1.522 0.632 0.691
323.600 -14.16 -1.538 0.661 0.680
323.800 -13.44 -1.534 0.651 0.639
324.000 -13.83 -1.525 0.631 0.588
324.200 -14.21 -1.501 0.622 0.586
324.400 -14.80 -1.530 0.612 0.623
324.600 -14.28 -1.514 0.592 0.641
324.800 -13.77 -1.520 0.582 0.668
325.000 -13.75 -1.529 0.592 0.686
325.200 -14.36 -1.536 0.611 0.665
325.400 -13.66 -1.527 0.631 0.633
325.600 -12.97 -1.537 0.651 0.621
325.800 -13.27 -1.500 0.660 0.610
326.000 -14.28 -1.526 0.631 0.598
326.200 -13.90 -1.502 0.592 0.626
326.400 -12.73 -1.524 0.582 0.653
326.600 -12.75 -1.521 0.582 0.651
326.800 -13.88 -1.524 0.611 0.659
327.000 -13.40 -1.521 0.650 0.677
327.200 -12.02 -1.509 0.692 0.665
327.400 -12.33 -1.548 0.664 0.634
327.600 -13.45 -1.500 0.637 0.622
327.800 -13.16 -1.532 0.600 0.610
328.000 -11.98 -1.506 0.572 0.588
328.200 -12.29 -1.514 0.584 0.626
328.400 -13.11 -1.520 0.626 0.673
328.600 -12.72 -1.543 0.657 0.671
328.800 -11.74 -1.519 0.659 0.669
329.000 -12.05 -1.529 0.652 0.667
329.200 -12.89 -1.516 0.644 0.616
329.400 -12.52 -1.513 0.607 0.565
329.600 -12.16 -1.513 0.579 0.572
329.800 -12.59 -1.513 0.582 0.610
330.000 -13.23 -1.514 0.593 0.637
330.200 -13.26 -1.508 0.615 0.674
330.400 -12.80 -1.534 0.637 0.702
330.600 -13.13 -1.514 0.659 0.651
330.800 -13.37 -1.506 0.651 0.609
331.000 -13.40 -1.518 0.624 0.607
331.200 -13.29 -1.510 0.594 0.571
331.400 -13.17 -1.532 0.584 0.583
331.600 -13.06 -1.517 0.584 0.634
331.800 -13.14 -1.513 0.613 0.676
332.000 -13.43 -1.501 0.672 0.678
332.200 -13.01 -1.531 0.681 0.671
332.400 -12.70 -1.540 0.661 0.663
332.600 -12.68 -1.537 0.642 0.607
332.800 -13.27 -1.524 0.602 0.590
333.000 -12.85 -1.500 0.582 0.622
333.200 -12.18 -1.512 0.602 0.624
333.400 -12.30 -1.520 0.651 0.646
333.600 -12.73 -1.537 0.680 0.688
333.800 -12.15 -1.509 0.689 0.700
334.000 -11.48 -1.505 0.689 0.692
334.200 -11.82 -1.507 0.660 0.695
334.400 -12.17 -1.524 0.630 0.678
334.600 -11.71 -1.530 0.620 0.641
334.800 -11.16 -1.517 0.630 0.633
335.000 -11.70 -1.507 0.639 0.655
335.200 -11.85 -1.547 0.653 0.659
335.400 -11.50 -1.520 0.677 0.691
335.600 -11.05 -1.516 0.700 0.733
335.800 -11.30 -1.515 0.694 0.717
336.000 -11.35 -1.536 0.659 0.701
336.200 -11.34 -1.529 0.643 0.674
336.400 -11.13 -1.515 0.618 0.628
336.600 -11.12 -1.535 0.612 0.602
336.800 -11.11 -1.515 0.645 0.635
337.000 -11.30 -1.537 0.679 0.687
337.200 -11.31 -1.510 0.692 0.710
337.400 -11.02 -1.516 0.687 0.732
337.600 -10.73 -1.522 0.681 0.736
337.800 -11.14 -1.525 0.645 0.680
338.000 -11.35 -1.543 0.610 0.644
338.200 -11.04 -1.520 0.634 0.637
338.400 -10.63 -1.545 0.657 0.631
338.600 -11.02 -1.526 0.701 0.653
338.800 -11.31 -1.540 0.734 0.705
339.000 -10.80 -1.522 0.728 0.738
339.200 -10.43 -1.532 0.714 0.727
339.400 -10.86 -1.537 0.670 0.716
339.600 -11.39 -1.527 0.646 0.705
339.800 -10.82 -1.517 0.641 0.664
340.000 -10.45 -1.538 0.656 0.643
340.200 -10.80 -1.542 0.681 0.671
340.400 -11.45 -1.514 0.725 0.680
340.600 -10.80 -1.534 0.740 0.698
340.800 -10.25 -1.537 0.716 0.736
341.000 -10.20 -1.524 0.702 0.754
341.200 -10.67 -1.517 0.668 0.733
341.400 -10.44 -1.509 0.643 0.712
341.600  -9.81 -1.514 0.629 0.681
341.800  -9.48 -1.520 0.664 0.631
342.000 -10.05 -1.509 0.688 0.620
342.200 -10.28 -1.508 0.723 0.638
342.400  -9.41 -1.544 0.728 0.676
342.600  -8.84 -1.508 0.714 0.704
342.800  -9.37 -1.534 0.650 0.732
343.000 -10.30 -1.503 0.616 0.721
343.200  -9.32 -1.517 0.606 0.670
343.400  -8.44 -1.519 0.616 0.618
343.600  -9.26 -1.509 0.655 0.597
343.800 -10.48 -1.511 0.684 0.585
344.000  -9.30 -1.521 0.694 0.612
344.200  -8.36 -1.535 0.664 0.649
344.400  -9.32 -1.541 0.625 0.686
344.600 -10.88 -1.512 0.595 0.674
344.800  -9.84 -1.519 0.575 0.662
345.000  -9.10 -1.533 0.585 0.631
345.200 -10.34 -1.501 0.614 0.599
345.400 -11.38 -1.501 0.643 0.597
345.600 -10.32 -1.503 0.653 0.605
345.800  -9.66 -1.532 0.653 0.622
346.000 -10.80 -1.517 0.653 0.640
346.200 -11.66 -1.547 0.623 0.667
346.400 -10.72 -1.547 0.603 0.684
346.600 -10.18 -1.501 0.593 0.692
346.800 -10.64 -1.513 0.603 0.680
347.000 -11.10 -1.524 0.632 0.658
347.200 -10.42 -1.540 0.673 0.636
347.400  -9.74 -1.535 0.725 0.614
347.600  -9.86 -1.519 0.717 0.631
347.800 -10.28 -1.530 0.690 0.668
348.000 -10.20 -1.534 0.643 0.714
348.200  -9.62 -1.516 0.616 0.751
348.400  -9.04 -1.541 0.599 0.739
348.600  -8.96 -1.529 0.640 0.697
348.800  -9.58 -1.507 0.691 0.655
349.000  -9.30 -1.542 0.723 0.614
349.200  -8.52 -1.528 0.735 0.611
349.400  -8.24 -1.518 0.698 0.648
349.600  -9.36 -1.528 0.661 0.714
349.800  -9.78 -1.522 0.624 0.751
350.000  -8.90 -1.517 0.627 0.758
350.200  -8.92 -1.507 0.639 0.726
350.400 -10.84 -1.505 0.670 0.684
350.600 -11.06 -1.514 0.702 0.643
350.800  -9.58 -1.515 0.714 0.630
351.000 -10.00 -1.538 0.706 0.638
351.200 -11.68 -1.543 0.667 0.654
351.400 -11.56 -1.535 0.628 0.691
351.600 -10.24 -1.506 0.608 0.707
351.800 -10.72 -1.509 0.618 0.744
352.000 -12.40 -1.510 0.657 0.731
352.200 -12.20 -1.530 0.715 0.708
352.400 -10.70 -1.544 0.764 0.696
352.600 -11.10 -1.519 0.754 0.663
352.800 -12.30 -1.516 0.734 0.651
353.000 -11.90 -1.521 0.695 0.677
353.200 -10.50 -1.515 0.656 0.733
353.400 -10.80 -1.517 0.656 0.769
353.600 -11.70 -1.511 0.695 0.786
353.800 -11.40 -1.538 0.734 0.793
354.000 -10.40 -1.539 0.763 0.751
354.200 -10.86 -1.518 0.782 0.709
354.400 -11.22 -1.525 0.773 0.676
354.600 -10.88 -1.502 0.753 0.693
354.800 -10.24 -1.521 0.733 0.739
355.000 -10.70 -1.524 0.723 0.805
355.200 -10.95 -1.523 0.723 0.836
355.400 -11.10 -1.503 0.743 0.847
355.600 -11.25 -1.514 0.763 0.829
355.800 -11.50 -1.534 0.803 0.772
356.000 -11.45 -1.512 0.813 0.725
356.200 -11.84 -1.508 0.803 0.687
356.400 -12.53 -1.501 0.764 0.689
356.600 -12.52 -1.540 0.725 0.720
356.800 -12.31 -1.539 0.677 0.761
357.000 -13.00 -1.501 0.687 0.801
357.200 -13.79 -1.505 0.756 0.823
357.400 -13.28 -1.538 0.815 0.814
357.600 -12.97 -1.523 0.854 0.796
357.800 -13.66 -1.541 0.835 0.739
358.000 -14.35 -1.533 0.786 0.692
358.200 -13.50 -1.508 0.708 0.664
358.400 -13.05 -1.538 0.660 0.675
358.600 -13.90 -1.542 0.670 0.697
358.800 -14.45 -1.536 0.699 0.767
359.000 -13.10 -1.533 0.749 0.827
359.200 -12.55 -1.512 0.802 0.828
359.400 -13.31 -1.506 0.826 0.799
359.600 -13.66 -1.505 0.810 0.760
359.800 -12.22 -1.520 0.775 0.692
360.000 -11.87 -1.500 0.740 0.663
360.200 -12.75 -1.503 0.705 0.722
360.400 -12.82 -1.528 0.700 0.781
360.600 -11.70 -1.527 0.753 0.860
360.800 -11.77 -1.531 0.826 0.890
361.000 -12.75 -1.519 0.879 0.890
361.200 -12.39 -1.535 0.893 0.822
361.400 -11.42 -1.538 0.868 0.773
361.600 -11.66 -1.506 0.803 0.754
361.800 -12.09 -1.536 0.729 0.735
362.000 -11.43 -1.504 0.714 0.755
362.200 -10.74 -1.509 0.767 0.824
362.400 -11.06 -1.526 0.830 0.863
362.600 -11.37 -1.537 0.863 0.874
362.800 -10.79 -1.510 0.897 0.884
363.000 -10.40 -1.510 0.872 0.865
363.200 -10.22 -1.531 0.811 0.801
363.400  -9.34 -1.505 0.769 0.767
363.600  -8.26 -1.508 0.757 0.802
363.800  -7.58 -1.541 0.755 0.807
364.000  -6.90 -1.502 0.772 0.822
364.200  -5.42 -1.528 0.809 0.866
364.400  -4.94 -1.547 0.836 0.871
364.600  -5.96 -1.500 0.853 0.847
364.800  -5.78 -1.533 0.861 0.842
365.000  -4.70 -1.525 0.829 0.798
365.000  -4.80 -1.503 0.829 0.798
