#lo_ghz dbm pll_if_power pa_0 pa_1
283.000  -2.10 -1.521 0.578 0.641
283.200  -3.96 -1.651 0.562 0.627
283.400  -3.12 -1.572 0.586 0.584
283.600  -1.38 -1.541 0.600 0.560
283.800  -1.44 -1.582 0.634 0.536
284.000  -2.00 -1.636 0.668 0.542
284.200  -0.22 -1.665 0.672 0.557
284.400   0.56 -1.573 0.608 0.582
284.600  -1.02 -1.670 0.554 0.627
284.800  -2.16 -1.550 0.538 0.642
285.000  -0.80 -1.517 0.562 0.619
285.200  -0.30 -1.590 0.625 0.585
285.400  -1.40 -1.698 0.669 0.532
285.600  -1.34 -1.579 0.673 0.518
285.800  -0.22 -1.584 0.619 0.533
286.000  -1.10 -1.507 0.564 0.587
286.200  -3.24 -1.560 0.539 0.642
286.400  -3.28 -1.550 0.544 0.657
286.600  -3.30 -1.560 0.587 0.624
286.800  -4.10 -1.590 0.641 0.551
287.000  -4.90 -1.512 0.655 0.527
287.200  -4.36 -1.548 0.640 0.512
287.400  -4.51 -1.504 0.626 0.556
287.600  -6.13 -1.605 0.572 0.609
287.800  -6.40 -1.567 0.528 0.634
288.000  -5.98 -1.503 0.524 0.619
288.200  -6.50 -1.574 0.597 0.604
288.400  -7.71 -1.739 0.661 0.549
288.600  -6.83 -1.602 0.676 0.525
288.800  -5.64 -1.507 0.642 0.529
289.000  -5.75 -1.554 0.579 0.544
289.200  -6.29 -1.520 0.525 0.587
289.400  -4.42 -1.634 0.530 0.612
289.600  -3.38 -1.528 0.594 0.626
289.800  -3.85 -1.512 0.619 0.601
290.000  -3.13 -1.516 0.644 0.567
290.200  -0.55 -1.526 0.629 0.532
290.400   0.34 -1.560 0.605 0.527
290.600  -0.58 -1.751 0.571 0.541
290.800  -0.09 -1.561 0.557 0.585
291.000   2.20 -1.559 0.562 0.619
291.200   2.35 -1.616 0.573 0.645
291.400   1.90 -1.623 0.585 0.613
291.600   3.62 -1.693 0.626 0.571
291.800   5.33 -1.608 0.657 0.548
292.000   3.93 -1.524 0.619 0.525
292.200   2.65 -1.705 0.552 0.532
292.400   3.48 -1.511 0.515 0.568
292.600   3.92 -1.512 0.517 0.585
292.800   2.79 -1.663 0.557 0.601
293.000   2.45 -1.659 0.598 0.598
293.200   3.58 -1.581 0.630 0.585
293.400   3.21 -1.594 0.621 0.553
293.600   1.09 -1.575 0.574 0.521
293.800   1.04 -1.573 0.537 0.517
294.000   1.88 -1.516 0.519 0.534
294.200   1.48 -1.658 0.501 0.560
294.400   0.29 -1.634 0.532 0.606
294.600   0.89 -1.662 0.573 0.623
294.800   1.80 -1.637 0.584 0.600
295.000   0.60 -1.678 0.596 0.568
295.200  -0.31 -1.601 0.581 0.526
295.400   0.88 -1.520 0.527 0.504
295.600   1.53 -1.501 0.493 0.521
295.800   0.44 -1.525 0.498 0.587
296.000   0.35 -1.630 0.542 0.633
296.200   1.22 -1.504 0.596 0.641
296.400   1.39 -1.515 0.621 0.599
296.600   0.44 -1.585 0.596 0.567
296.800   0.17 -1.597 0.533 0.515
297.000   0.60 -1.650 0.498 0.493
297.200  -0.27 -1.514 0.484 0.520
297.400  -1.44 -1.671 0.518 0.557
297.600  -1.81 -1.529 0.543 0.584
297.800  -1.88 -1.527 0.577 0.581
298.000  -2.65 -1.576 0.592 0.569
298.200  -3.46 -1.569 0.567 0.527
298.400  -3.77 -1.546 0.533 0.515
298.600  -4.38 -1.641 0.518 0.512
298.800  -5.09 -1.501 0.494 0.519
299.000  -4.30 -1.537 0.499 0.527
299.200  -3.96 -1.538 0.534 0.541
299.400  -4.62 -1.577 0.578 0.555
299.600  -5.04 -1.510 0.593 0.560
299.800  -4.82 -1.543 0.579 0.564
300.000  -5.40 -1.595 0.545 0.540
300.200  -6.46 -1.639 0.501 0.505
300.400  -6.12 -1.598 0.516 0.509
300.600  -4.68 -1.591 0.541 0.514
300.800  -5.14 -1.532 0.586 0.558
301.000  -5.60 -1.550 0.601 0.592
301.200  -4.98 -1.652 0.587 0.626
301.400  -4.46 -1.529 0.562 0.591
301.600  -5.34 -1.506 0.548 0.556
301.800  -6.02 -1.606 0.544 0.522
302.000  -4.70 -1.521 0.549 0.516
302.200  -3.58 -1.639 0.564 0.531
302.400  -4.06 -1.530 0.550 0.584
302.600  -4.02 -1.573 0.584 0.628
302.800  -2.66 -1.685 0.609 0.633
303.000  -2.00 -1.537 0.605 0.618
303.200  -2.10 -1.591 0.582 0.566
303.400  -1.89 -1.583 0.530 0.543
303.600  -0.67 -1.529 0.507 0.530
303.800  -0.62 -1.520 0.553 0.556
304.000  -0.28 -1.641 0.608 0.573
304.200  -0.19 -1.564 0.684 0.599
304.400   0.40 -1.554 0.671 0.616
304.600   0.22 -1.632 0.618 0.623
304.800   0.69 -1.541 0.576 0.600
305.000   1.15 -1.540 0.543 0.577
305.200   1.11 -1.515 0.560 0.555
305.400   0.28 -1.622 0.596 0.532
305.600  -0.10 -1.507 0.612 0.558
305.800  -1.01 -1.621 0.609 0.585
306.000  -2.42 -1.534 0.616 0.621
306.800  -3.08 -1.513 0.554 0.550
307.000  -3.20 -1.665 0.541 0.537
307.200  -2.83 -1.525 0.565 0.549
307.400  -2.96 -1.667 0.608 0.580
307.600  -3.87 -1.547 0.641 0.602
307.800  -2.86 -1.504 0.646 0.613
308.000  -0.65 -1.676 0.581 0.606
308.200  -0.54 -1.538 0.556 0.598
308.400  -1.23 -1.514 0.531 0.570
308.600  -0.46 -1.528 0.564 0.553
308.800   0.47 -1.588 0.617 0.555
309.000  -0.10 -1.551 0.641 0.566
309.200  -0.89 -1.510 0.635 0.578
309.400   0.42 -1.507 0.591 0.580
309.600   0.93 -1.604 0.565 0.592
309.800  -0.46 -1.503 0.540 0.594
310.000  -1.75 -1.622 0.554 0.586
310.200  -1.86 -1.535 0.558 0.568
310.400  -1.97 -1.713 0.562 0.531
310.600  -3.30 -1.601 0.586 0.523
310.800  -3.85 -1.591 0.590 0.535
311.000  -3.60 -1.513 0.624 0.576
311.200  -3.99 -1.573 0.609 0.605
311.400  -4.48 -1.620 0.585 0.624
311.600  -4.52 -1.512 0.541 0.604
311.800  -4.63 -1.595 0.527 0.564
312.000  -5.53 -1.558 0.542 0.525
312.200  -5.97 -1.523 0.606 0.505
312.400  -5.82 -1.584 0.650 0.534
312.600  -6.64 -1.582 0.645 0.572
312.800  -7.55 -1.634 0.592 0.601
313.000  -7.35 -1.588 0.548 0.601
313.200  -6.67 -1.646 0.524 0.591
313.400  -7.30 -1.668 0.539 0.551
313.600  -7.72 -1.577 0.583 0.521
313.800  -6.75 -1.604 0.618 0.511
314.000  -5.88 -1.557 0.623 0.520
314.200  -6.42 -1.617 0.589 0.539
314.400  -6.67 -1.571 0.564 0.578
314.600  -5.41 -1.545 0.540 0.588
314.800  -4.66 -1.551 0.545 0.577
315.000  -4.80 -1.688 0.541 0.577
315.200  -4.37 -1.567 0.554 0.556
315.400  -2.34 -1.533 0.577 0.535
315.600  -1.87 -1.519 0.581 0.513
315.800  -2.26 -1.639 0.604 0.532
316.000  -2.25 -1.559 0.617 0.550
316.200  -0.86 -1.571 0.582 0.587
316.400  -0.47 -1.544 0.556 0.615
316.600  -0.04 -1.699 0.540 0.614
316.800   1.03 -1.548 0.563 0.583
317.000   2.90 -1.624 0.606 0.552
317.200   3.25 -1.553 0.629 0.531
317.400   3.40 -1.512 0.633 0.539
317.600   3.31 -1.649 0.617 0.567
317.800   3.68 -1.535 0.571 0.605
318.000   3.35 -1.516 0.555 0.613
318.200   3.40 -1.596 0.559 0.612
318.400   2.85 -1.536 0.582 0.600
318.600   2.12 -1.690 0.605 0.560
318.800   0.91 -1.573 0.619 0.548
319.000  -0.30 -1.519 0.613 0.557
319.200  -1.73 -1.682 0.601 0.563
319.400  -2.96 -1.548 0.600 0.588
319.600  -2.97 -1.509 0.579 0.604
319.800  -2.86 -1.605 0.577 0.620
320.000  -3.35 -1.529 0.576 0.616
320.200  -4.10 -1.525 0.594 0.602
320.400  -3.55 -1.515 0.622 0.598
320.600  -3.00 -1.683 0.650 0.575
320.800  -3.65 -1.533 0.658 0.551
321.000  -3.70 -1.513 0.647 0.577
321.200  -1.99 -1.559 0.596 0.593
321.400  -0.88 -1.568 0.555 0.608
321.600  -0.31 -1.567 0.574 0.654
321.800   0.32 -1.533 0.611 0.660
322.000   1.65 -1.542 0.659 0.626
322.200   1.32 -1.563 0.677 0.593
322.400  -0.01 -1.728 0.675 0.570
322.600  -1.60 -1.620 0.625 0.556
322.800  -2.05 -1.568 0.584 0.581
323.000  -2.70 -1.621 0.573 0.646
323.200  -3.42 -1.508 0.592 0.674
323.400  -3.44 -1.565 0.612 0.662
323.600  -3.40 -1.517 0.641 0.660
323.800  -3.40 -1.732 0.641 0.619
324.000  -4.50 -1.595 0.622 0.568
324.200  -5.62 -1.756 0.602 0.566
324.400  -6.24 -1.540 0.602 0.603
324.600  -5.78 -1.530 0.582 0.611
324.800  -5.34 -1.572 0.572 0.639
325.000  -5.70 -1.500 0.582 0.666
325.200  -5.90 -1.625 0.592 0.645
325.400  -5.20 -1.540 0.611 0.614
325.600  -4.98 -1.563 0.631 0.602
325.800  -5.74 -1.573 0.641 0.590
326.000  -6.10 -1.610 0.621 0.578
326.200  -5.04 -1.548 0.592 0.606
326.400  -4.38 -1.585 0.572 0.624
326.600  -5.24 -1.502 0.572 0.622
326.800  -5.52 -1.658 0.591 0.640
327.000  -4.10 -1.553 0.631 0.647
327.200  -3.02 -1.594 0.672 0.636
327.400  -3.35 -1.503 0.654 0.614
327.600  -3.05 -1.579 0.627 0.602
327.800  -1.24 -1.641 0.600 0.590
328.000  -0.53 -1.597 0.563 0.569
328.200  -0.69 -1.552 0.565 0.596
328.400   0.04 -1.583 0.606 0.643
328.600   2.08 -1.543 0.638 0.641
328.800   3.01 -1.537 0.640 0.649
329.000   3.15 -1.543 0.642 0.647
329.200   4.07 -1.548 0.634 0.596
329.400   5.28 -1.527 0.597 0.555
329.600   5.45 -1.517 0.560 0.553
329.800   4.88 -1.518 0.562 0.580
330.000   5.60 -1.509 0.584 0.608
330.200   6.69 -1.621 0.596 0.645
330.400   6.97 -1.201 0.617 0.672
330.600   6.96 -0.826 0.639 0.631
330.800   6.95 -0.655 0.631 0.590
331.000   6.93 -0.854 0.614 0.578
331.200   6.62 -1.505 0.584 0.551
331.400   5.51 -1.559 0.574 0.553
331.600   4.47 -1.570 0.564 0.605
331.800   3.82 -1.535 0.584 0.646
332.000   3.67 -1.628 0.642 0.649
332.200   4.21 -1.551 0.662 0.641
332.400   3.64 -1.552 0.642 0.644
332.600   2.20 -1.538 0.622 0.587
332.800   1.37 -1.532 0.592 0.570
333.000   1.65 -1.567 0.563 0.592
333.200   1.93 -1.705 0.572 0.585
333.400   2.00 -1.528 0.621 0.607
333.600   3.23 -1.503 0.650 0.648
333.800   4.82 -1.646 0.660 0.661
334.000   4.80 -1.637 0.660 0.653
334.200   4.34 -1.577 0.640 0.656
334.400   4.48 -1.642 0.610 0.648
334.600   4.74 -1.573 0.600 0.611
334.800   4.12 -1.534 0.610 0.604
335.000   3.50 -1.678 0.620 0.626
335.200   3.38 -1.604 0.633 0.619
335.400   3.15 -1.538 0.647 0.652
335.600   2.29 -1.531 0.671 0.694
335.800   1.98 -1.667 0.665 0.678
336.000   2.08 -1.533 0.639 0.661
336.200   2.18 -1.586 0.624 0.645
336.400   2.29 -1.627 0.598 0.599
336.600   3.55 -1.635 0.583 0.573
336.800   5.18 -1.656 0.616 0.596
337.000   6.40 -1.508 0.649 0.638
337.200   6.93 -0.694 0.663 0.670
337.600   6.98 -0.865 0.661 0.696
337.800   5.70 -1.541 0.626 0.650
338.000   4.13 -1.604 0.591 0.614
338.200   3.46 -1.565 0.604 0.608
338.400   2.59 -1.575 0.628 0.601
338.600   1.55 -1.501 0.661 0.614
338.800   2.62 -1.627 0.695 0.666
339.000   4.00 -1.525 0.699 0.699
339.200   3.41 -1.510 0.684 0.688
339.400   2.32 -1.507 0.650 0.676
339.600   2.70 -1.602 0.626 0.675
339.800   3.43 -1.524 0.612 0.635
340.000   3.16 -1.539 0.627 0.614
340.200   2.13 -1.521 0.651 0.632
340.400   2.20 -1.654 0.686 0.640
340.600   2.52 -1.539 0.701 0.659
340.800   2.87 -1.535 0.687 0.687
341.000   3.42 -1.709 0.672 0.705
341.200   4.09 -1.582 0.648 0.694
341.400   4.96 -1.533 0.614 0.673
341.600   5.44 -1.567 0.600 0.652
341.800   5.31 -1.607 0.634 0.601
342.000   4.78 -1.510 0.649 0.590
342.200   5.40 -1.539 0.684 0.609
342.400   6.92 -1.421 0.689 0.637
342.600   6.93 -1.025 0.684 0.665
342.800   6.95 -1.124 0.631 0.693
343.000   6.97 -0.635 0.587 0.682
344.400   7.00 -0.531 0.605 0.647
344.600   6.92 -0.687 0.576 0.645
344.800   7.00 -0.485 0.556 0.633
345.000   6.95 -0.828 0.556 0.611
345.200   5.77 -1.523 0.585 0.580
345.400   5.99 -1.536 0.614 0.568
345.600   7.00 -1.088 0.624 0.575
345.800   7.00 -1.037 0.623 0.593
346.000   6.40 -1.516 0.623 0.610
346.200   7.00 -1.380 0.603 0.628
346.400   7.00 -0.718 0.584 0.655
346.600   7.00 -1.124 0.564 0.663
346.800   6.00 -1.583 0.573 0.651
347.000   6.30 -1.557 0.593 0.629
347.200   7.00 -0.928 0.634 0.607
347.400   7.00 -0.590 0.686 0.585
347.600   7.00 -0.640 0.678 0.602
347.800   7.00 -0.673 0.661 0.629
348.000   7.00 -0.619 0.624 0.675
348.200   7.00 -0.710 0.587 0.712
348.400   7.00 -0.851 0.569 0.700
348.600   7.00 -0.930 0.601 0.668
348.800   7.00 -0.649 0.652 0.626
349.400   7.00 -1.201 0.669 0.609
349.600   5.28 -1.576 0.622 0.665
349.800   4.94 -1.577 0.595 0.702
350.000   4.80 -1.526 0.587 0.709
350.200   3.23 -1.517 0.599 0.687
350.400   1.96 -1.525 0.631 0.645
350.600   2.68 -1.510 0.663 0.603
350.800   2.09 -1.552 0.675 0.591
351.000  -0.90 -1.527 0.667 0.598
351.200  -2.76 -1.534 0.628 0.615
351.400  -1.23 -1.652 0.598 0.642
351.600  -0.71 -1.643 0.579 0.658
351.800  -2.42 -1.525 0.588 0.685
352.000  -3.32 -1.686 0.608 0.682
352.200  -2.03 -1.624 0.657 0.659
352.400  -2.14 -1.619 0.705 0.647
352.600  -4.06 -1.584 0.705 0.614
352.800  -5.01 -1.578 0.685 0.602
353.000  -2.95 -1.505 0.656 0.618
353.200  -1.75 -1.511 0.617 0.674
353.400  -2.66 -1.528 0.607 0.711
353.600  -2.75 -1.554 0.646 0.727
353.800  -1.24 -1.509 0.675 0.734
354.000  -0.43 -1.550 0.704 0.702
354.200  -0.65 -1.635 0.724 0.650
354.400   0.02 -1.592 0.704 0.618
354.600   1.55 -1.519 0.684 0.625
354.800   2.52 -1.568 0.664 0.661
355.000   2.50 -1.619 0.654 0.727
355.200   2.33 -1.514 0.655 0.758
355.400   2.66 -1.525 0.665 0.769
355.600   3.02 -1.553 0.695 0.751
355.800   4.03 -1.563 0.714 0.704
356.000   5.64 -1.541 0.734 0.656
356.200   6.93 -1.278 0.735 0.628
357.200   6.97 -0.495 0.668 0.725
357.400   7.00 -0.528 0.717 0.726
357.600   6.95 -0.799 0.756 0.708
357.800   6.74 -1.643 0.747 0.661
358.000   6.93 -1.357 0.708 0.623
358.200   6.92 -1.189 0.640 0.605
358.400   5.81 -1.509 0.601 0.607
358.600   3.88 -1.574 0.611 0.618
358.800   3.74 -1.550 0.631 0.679
359.000   4.20 -1.678 0.660 0.729
359.200   3.15 -1.564 0.714 0.739
359.400   2.10 -1.502 0.728 0.710
359.600   3.55 -1.576 0.712 0.681
359.800   5.10 -1.522 0.687 0.623
360.000   5.45 -1.545 0.662 0.594
360.200   5.31 -1.570 0.627 0.634
360.400   6.56 -1.600 0.621 0.683
360.600   6.92 -1.423 0.655 0.752
360.800   5.87 -1.538 0.728 0.792
361.000   4.73 -1.563 0.771 0.792
361.200   4.65 -1.600 0.785 0.734
361.400   4.26 -1.535 0.770 0.685
361.600   3.20 -1.690 0.725 0.666
361.800   2.67 -1.590 0.641 0.647
362.000   2.73 -1.548 0.625 0.667
362.200   2.31 -1.591 0.669 0.716
362.400   1.70 -1.563 0.722 0.756
362.600   1.43 -1.557 0.746 0.776
362.800   1.12 -1.548 0.789 0.796
363.000   0.20 -1.555 0.774 0.786
363.200  -0.29 -1.620 0.723 0.752
363.400  -0.18 -1.594 0.671 0.698
363.600  -0.37 -1.562 0.669 0.684
363.800  -0.46 -1.502 0.657 0.669
364.000   0.15 -1.581 0.664 0.694
364.200   0.42 -1.702 0.691 0.758
364.400  -0.41 -1.668 0.728 0.763
364.600  -1.14 -1.668 0.746 0.739
364.800  -0.77 -1.509 0.753 0.744
365.000  -0.10 -1.639 0.731 0.710
365.000  -0.00 -1.533 0.731 0.710
