#lo_ghz dbm pll_if_power pa_0 pa_1
283.000   6.30 -1.534 0.568 0.632
283.200   6.49 -1.535 0.553 0.608
283.400   5.59 -1.517 0.577 0.574
283.600   6.58 -1.533 0.591 0.550
283.800   6.88 -1.568 0.624 0.536
284.000   7.62 -1.511 0.658 0.532
284.200   7.57 -1.655 0.663 0.557
284.400   8.61 -1.539 0.598 0.572
284.600   8.86 -1.540 0.544 0.617
284.800   7.91 -1.628 0.529 0.623
285.000   8.15 -1.564 0.552 0.609
285.200   8.96 -1.607 0.616 0.575
285.400   9.78 -1.592 0.659 0.522
285.600   8.95 -1.517 0.654 0.508
285.800   8.71 -1.545 0.599 0.523
286.000   8.73 -1.532 0.545 0.578
286.200   7.94 -1.601 0.530 0.632
286.400   7.70 -1.504 0.544 0.638
286.600   7.97 -1.580 0.577 0.604
286.800   7.99 -1.529 0.621 0.541
287.000   7.70 -1.540 0.645 0.517
287.200   6.52 -1.516 0.631 0.512
287.400   6.53 -1.646 0.606 0.556
287.600   5.80 -1.628 0.562 0.600
287.800   6.36 -1.584 0.519 0.624
288.000   6.57 -1.608 0.524 0.609
288.200   6.29 -1.509 0.588 0.584
288.400   6.11 -1.659 0.652 0.540
288.600   5.42 -1.549 0.667 0.525
288.800   6.38 -1.518 0.623 0.519
289.000   6.45 -1.561 0.569 0.544
289.200   6.19 -1.551 0.515 0.578
289.400   7.34 -1.602 0.521 0.602
289.600   7.33 -1.537 0.585 0.616
289.800   8.03 -1.602 0.609 0.591
290.000   7.92 -1.623 0.634 0.567
290.200   9.52 -1.500 0.620 0.532
290.400  10.62 -1.514 0.595 0.527
290.600   9.31 -1.509 0.561 0.541
290.800   9.11 -1.602 0.547 0.585
291.000   9.30 -1.619 0.552 0.609
291.200  10.22 -1.505 0.554 0.626
291.400   9.54 -1.593 0.585 0.603
291.600   8.86 -1.602 0.626 0.561
291.800   9.99 -1.585 0.647 0.538
292.000   8.96 -1.615 0.600 0.525
292.200   7.03 -1.578 0.543 0.532
292.400   6.75 -1.583 0.515 0.558
292.600   8.18 -1.539 0.507 0.575
292.800   9.10 -1.512 0.557 0.592
293.000   7.82 -1.568 0.598 0.589
293.200   8.38 -1.614 0.620 0.576
293.400   8.15 -1.548 0.602 0.543
293.600   7.41 -1.562 0.564 0.511
293.800   6.97 -1.538 0.527 0.517
294.000   8.13 -1.585 0.509 0.534
294.200   9.80 -1.502 0.501 0.560
294.400   8.41 -1.512 0.522 0.606
294.600   7.62 -1.510 0.563 0.623
294.800   8.13 -1.610 0.584 0.590
295.000   8.45 -1.512 0.586 0.558
295.200   8.46 -1.502 0.571 0.516
295.400   8.67 -1.581 0.527 0.504
295.600  10.23 -1.506 0.483 0.521
295.800  10.10 -1.537 0.498 0.577
296.000   8.56 -1.556 0.542 0.624
296.200   9.32 -1.539 0.596 0.631
296.400  10.18 -1.567 0.611 0.589
296.600  11.25 -1.549 0.577 0.557
296.800  10.01 -1.544 0.523 0.515
297.000  10.37 -1.524 0.498 0.493
297.200  11.28 -1.615 0.484 0.510
297.400   9.98 -1.549 0.518 0.557
297.600   9.48 -1.598 0.543 0.574
297.800   9.28 -1.568 0.567 0.571
298.000   9.49 -1.619 0.582 0.559
298.200   8.39 -1.684 0.567 0.527
298.400   7.24 -1.541 0.533 0.515
298.600   8.59 -1.621 0.518 0.512
298.800   8.30 -1.612 0.484 0.519
299.000   8.10 -1.601 0.499 0.527
299.200   7.78 -1.548 0.534 0.541
299.400   7.55 -1.513 0.578 0.555
299.600   7.13 -1.502 0.583 0.560
299.800   6.51 -1.568 0.569 0.564
300.000   7.93 -1.647 0.535 0.530
300.200   7.76 -1.525 0.501 0.505
300.400   6.59 -1.606 0.506 0.509
300.600   6.62 -1.556 0.541 0.514
300.800   6.94 -1.542 0.576 0.558
301.000   7.27 -1.504 0.591 0.592
301.200   6.92 -1.662 0.587 0.616
301.400   7.97 -1.540 0.553 0.591
301.600   8.82 -1.515 0.548 0.547
301.800   7.36 -1.524 0.544 0.512
302.000   6.91 -1.521 0.549 0.507
302.200   7.56 -1.629 0.554 0.531
302.400   9.25 -1.573 0.550 0.575
302.600   8.65 -1.699 0.575 0.618
302.800   8.40 -1.514 0.600 0.623
303.000   9.65 -1.610 0.595 0.608
303.200   9.62 -1.546 0.572 0.566
303.400   8.99 -1.589 0.520 0.543
303.600   8.60 -1.522 0.507 0.520
303.800   9.82 -1.576 0.543 0.547
304.000   9.94 -1.511 0.608 0.563
304.200   7.46 -1.709 0.674 0.590
304.400   6.38 -1.653 0.651 0.606
304.600   6.09 -1.507 0.609 0.623
304.800   5.76 -1.718 0.566 0.590
305.000   4.93 -1.584 0.534 0.577
305.200   4.21 -1.526 0.550 0.545
305.400   4.78 -1.658 0.586 0.532
305.600   3.16 -1.606 0.602 0.558
305.800   2.84 -1.546 0.599 0.585
306.000   2.56 -1.568 0.606 0.621
306.200   3.99 -2.431 0.583 0.637
306.400   3.17 -1.527 0.570 0.625
306.600   2.75 -1.550 0.557 0.582
306.800   2.83 -1.563 0.544 0.540
307.000   2.50 -1.594 0.541 0.537
307.200   2.82 -1.602 0.565 0.559
307.400   4.24 -1.591 0.598 0.570
307.600   4.51 -1.567 0.632 0.602
307.800   4.68 -1.552 0.636 0.613
308.000   4.80 -1.557 0.571 0.596
308.200   6.12 -1.565 0.546 0.588
308.400   6.94 -1.625 0.521 0.570
308.600   6.36 -1.549 0.554 0.553
308.800   8.23 -1.691 0.608 0.555
309.000   9.40 -1.508 0.631 0.566
309.200  10.06 -1.504 0.626 0.578
309.400   9.52 -1.604 0.581 0.580
309.600   9.93 -1.580 0.556 0.592
309.800  11.74 -1.665 0.540 0.594
310.000  10.05 -1.521 0.544 0.576
310.200   8.56 -1.532 0.548 0.558
310.400   9.02 -1.542 0.553 0.531
310.600  10.68 -1.588 0.576 0.523
310.800   9.44 -1.500 0.590 0.535
311.000   8.10 -1.627 0.614 0.576
311.200   9.57 -1.559 0.600 0.605
311.400  10.34 -1.545 0.575 0.614
311.600   8.51 -1.606 0.531 0.594
311.800   7.78 -1.561 0.527 0.555
312.000   9.35 -1.523 0.542 0.515
312.200   9.92 -1.623 0.606 0.505
312.400   7.74 -1.506 0.640 0.534
312.600   7.56 -1.556 0.636 0.572
312.800   8.78 -1.648 0.582 0.592
313.000   7.30 -1.654 0.538 0.601
313.200   6.66 -1.519 0.524 0.581
313.400   7.02 -1.502 0.539 0.551
313.600   8.33 -1.521 0.583 0.521
313.800   7.04 -1.526 0.608 0.511
314.000   6.10 -1.519 0.613 0.530
314.200   7.46 -1.512 0.579 0.539
314.400   7.52 -1.584 0.555 0.578
314.600   7.28 -1.688 0.540 0.588
314.800   7.29 -1.505 0.535 0.577
315.000   9.40 -1.563 0.531 0.567
315.200   8.78 -1.530 0.554 0.556
315.400   8.46 -1.543 0.567 0.525
315.600   9.09 -1.596 0.581 0.523
315.800  10.52 -1.501 0.594 0.532
316.000   9.10 -1.506 0.608 0.550
316.200   8.78 -1.556 0.572 0.587
316.400   8.41 -1.506 0.556 0.615
316.600   9.84 -1.577 0.530 0.614
316.800   7.87 -1.518 0.563 0.573
317.000   7.50 -1.551 0.596 0.552
317.200   7.47 -1.602 0.619 0.531
317.400   8.14 -1.566 0.623 0.539
317.600   5.86 -1.543 0.597 0.567
317.800   4.78 -1.507 0.562 0.605
318.000   5.45 -1.573 0.555 0.613
318.200   6.32 -1.588 0.559 0.612
318.400   4.24 -1.561 0.572 0.591
318.600   2.66 -1.576 0.596 0.560
318.800   3.33 -1.711 0.609 0.548
319.000   2.80 -1.593 0.603 0.557
319.200   0.77 -1.623 0.592 0.563
319.400  -0.06 -1.554 0.590 0.588
319.600   2.01 -1.533 0.569 0.604
319.800   2.38 -1.571 0.567 0.620
320.000   0.55 -1.506 0.566 0.616
320.200  -0.28 -1.580 0.584 0.602
320.400   2.64 -1.524 0.612 0.598
320.600   2.36 -1.520 0.640 0.565
320.800   2.13 -1.539 0.648 0.551
321.000   3.30 -1.586 0.627 0.577
321.200   6.63 -1.582 0.577 0.593
321.400   6.46 -1.570 0.546 0.608
321.600   6.14 -1.589 0.564 0.644
321.800   8.32 -1.511 0.601 0.650
322.000  10.75 -1.581 0.649 0.616
322.200   9.58 -1.530 0.677 0.583
322.400   8.56 -1.516 0.666 0.570
322.600   9.84 -1.607 0.615 0.556
322.800   9.57 -1.575 0.574 0.581
323.000   7.40 -1.629 0.563 0.646
323.200   7.12 -1.647 0.583 0.664
323.400   9.15 -1.591 0.612 0.662
323.600   7.88 -1.532 0.631 0.650
323.800   6.61 -1.597 0.631 0.609
324.000   6.68 -1.590 0.612 0.568
324.200   8.06 -1.624 0.592 0.566
324.400   5.59 -1.591 0.592 0.594
324.600   4.62 -1.654 0.572 0.611
324.800   7.24 -1.603 0.563 0.629
325.000   7.57 -1.527 0.572 0.657
325.200   5.73 -1.545 0.592 0.635
325.400   5.59 -1.621 0.602 0.604
325.600   8.64 -1.510 0.621 0.592
325.800   8.10 -1.592 0.631 0.590
326.000   5.51 -1.515 0.611 0.569
326.200   6.22 -1.641 0.572 0.596
326.400   9.32 -1.509 0.562 0.624
326.600   8.03 -1.513 0.562 0.622
326.800   6.14 -1.695 0.582 0.630
327.000   7.65 -1.635 0.631 0.638
327.200  10.03 -1.526 0.662 0.636
327.400   8.32 -1.601 0.645 0.604
327.600   7.01 -1.573 0.617 0.592
327.800   9.60 -1.597 0.580 0.581
328.000  10.98 -1.530 0.563 0.559
328.200   9.77 -1.541 0.565 0.596
328.400   8.86 -1.568 0.596 0.633
328.600  11.75 -1.548 0.628 0.631
328.800  11.94 -1.503 0.630 0.639
329.000  10.52 -1.547 0.632 0.637
329.200  10.28 -1.590 0.624 0.586
329.400  12.54 -1.542 0.587 0.545
329.600  12.05 -1.522 0.560 0.553
329.800   9.75 -1.602 0.562 0.580
330.000   9.51 -1.600 0.574 0.598
330.200  10.57 -1.535 0.586 0.635
330.400   9.33 -1.505 0.608 0.662
330.600   8.58 -1.629 0.629 0.621
330.800   9.29 -1.578 0.631 0.580
331.000   9.70 -1.644 0.604 0.578
331.200   7.77 -1.552 0.574 0.551
331.400   6.73 -1.507 0.564 0.553
331.600   8.69 -1.524 0.564 0.605
331.800   7.76 -1.649 0.584 0.646
332.000   6.42 -1.524 0.642 0.639
332.200   6.98 -1.722 0.652 0.632
332.400   8.00 -1.536 0.642 0.634
332.600   6.91 -1.527 0.612 0.587
332.800   5.72 -1.560 0.583 0.560
333.000   7.14 -1.544 0.563 0.592
333.200   8.86 -1.523 0.572 0.585
333.400   8.19 -1.515 0.621 0.617
333.600   7.81 -1.565 0.650 0.648
333.800  10.03 -1.501 0.660 0.661
334.000  11.95 -1.628 0.650 0.653
334.200  10.28 -1.586 0.630 0.656
334.400  11.28 -1.572 0.610 0.638
334.600  14.00 -1.236 0.600 0.602
334.800  13.90 -1.575 0.600 0.594
335.000  12.47 -1.572 0.610 0.626
335.200  13.30 -1.600 0.624 0.619
335.400  14.00 -0.710 0.647 0.652
335.600  13.70 -1.676 0.671 0.694
335.800  12.07 -1.503 0.655 0.678
336.000  14.00 -1.427 0.630 0.661
336.200  14.00 -1.318 0.614 0.635
336.400  13.50 -1.625 0.588 0.599
336.600  14.00 -1.452 0.583 0.573
338.000  14.00 -0.789 0.591 0.614
338.200  14.00 -0.571 0.604 0.608
338.600  13.90 -1.711 0.661 0.614
338.800  13.90 -1.562 0.695 0.656
339.400  14.00 -0.762 0.640 0.667
339.600  14.00 -1.394 0.616 0.665
340.000  14.00 -0.586 0.617 0.614
340.200  14.00 -1.362 0.642 0.632
340.400  14.00 -1.026 0.686 0.640
340.800  14.00 -0.823 0.687 0.687
341.000  14.00 -1.362 0.672 0.705
341.200  14.00 -0.591 0.638 0.694
342.400  14.00 -0.892 0.689 0.637
342.600  14.00 -0.859 0.684 0.665
342.800  14.00 -0.587 0.621 0.683
343.000  13.80 -1.555 0.587 0.672
343.200  13.65 -1.517 0.577 0.630
343.400  14.00 -1.046 0.587 0.589
343.600  14.00 -1.355 0.616 0.567
343.800  13.12 -1.506 0.655 0.565
344.000  13.50 -1.508 0.664 0.583
344.400  13.57 -1.658 0.605 0.647
344.600  11.04 -1.501 0.576 0.635
344.800  12.17 -1.589 0.556 0.623
345.000  14.00 -1.373 0.565 0.601
345.200  13.65 -1.519 0.585 0.580
345.400  11.90 -1.552 0.614 0.568
345.600  13.35 -1.581 0.624 0.575
345.800  14.00 -1.204 0.623 0.593
346.000  12.70 -1.520 0.623 0.610
346.200  12.10 -1.532 0.603 0.618
346.400  14.00 -1.278 0.574 0.645
346.800  14.00 -1.430 0.573 0.651
347.000  13.00 -1.538 0.603 0.629
347.200  14.00 -0.732 0.644 0.597
347.400  14.00 -0.494 0.686 0.585
347.600  14.00 -0.537 0.678 0.602
347.800  14.00 -0.494 0.661 0.619
348.400  14.00 -0.633 0.579 0.690
349.600  14.00 -0.602 0.622 0.665
349.800  14.00 -1.456 0.595 0.702
350.000  14.00 -0.700 0.597 0.699
350.200  14.00 -0.634 0.609 0.677
350.400  12.68 -1.504 0.641 0.645
350.600  12.06 -1.563 0.663 0.603
350.800  13.43 -1.591 0.675 0.591
351.000  11.50 -1.579 0.667 0.598
351.200   8.43 -1.535 0.628 0.615
351.400   9.55 -1.524 0.598 0.642
351.600  12.02 -1.538 0.579 0.668
351.800  10.00 -1.540 0.588 0.695
352.000   7.58 -1.507 0.617 0.692
352.200   9.55 -1.522 0.666 0.669
352.400  10.83 -1.530 0.715 0.657
352.600   9.10 -1.595 0.705 0.614
352.800   7.32 -1.559 0.685 0.602
353.000   9.85 -1.594 0.656 0.628
353.200  10.39 -1.529 0.617 0.684
353.400   9.42 -1.549 0.616 0.711
353.600   9.35 -1.568 0.646 0.737
353.800  11.39 -1.554 0.685 0.734
354.000  12.22 -1.507 0.714 0.702
354.200  11.96 -1.531 0.733 0.660
354.400  13.50 -1.634 0.723 0.637
354.600  14.00 -0.670 0.704 0.644
354.800  14.00 -0.641 0.684 0.680
355.000  14.00 -0.789 0.674 0.746
355.200  14.00 -0.695 0.674 0.777
355.400  14.00 -0.925 0.694 0.789
355.600  14.00 -1.380 0.714 0.771
355.800  14.00 -1.270 0.744 0.713
356.200  14.00 -0.629 0.754 0.638
356.400  14.00 -1.553 0.715 0.640
356.600  13.50 -1.620 0.676 0.661
356.800  14.00 -1.384 0.638 0.702
357.000  12.47 -1.613 0.648 0.733
357.200  11.83 -1.639 0.697 0.754
357.400  13.80 -1.562 0.746 0.756
357.600  14.00 -1.225 0.786 0.738
357.800  11.40 -1.618 0.776 0.680
358.000   9.71 -1.551 0.728 0.643
358.200  11.92 -1.527 0.659 0.625
358.400  12.93 -1.517 0.620 0.626
358.600  10.83 -1.702 0.630 0.648
358.800  10.19 -1.521 0.650 0.708
359.000  12.65 -1.542 0.690 0.759
359.200  11.18 -1.672 0.743 0.759
359.400   8.30 -1.565 0.767 0.740
359.600   9.23 -1.567 0.751 0.701
359.800  13.70 -1.630 0.716 0.643
360.000  13.79 -1.513 0.691 0.623
360.200  12.81 -1.729 0.656 0.663
360.400  14.00 -1.220 0.651 0.722
360.800  14.00 -0.729 0.757 0.821
361.000  13.90 -1.606 0.810 0.821
361.200  14.00 -0.569 0.824 0.763
361.400  14.00 -0.469 0.809 0.714
361.600  14.00 -1.570 0.744 0.695
361.800  13.50 -1.612 0.670 0.676
362.000  14.00 -0.525 0.655 0.696
362.200  14.00 -0.634 0.708 0.755
362.400  14.00 -1.466 0.761 0.795
362.600  14.00 -1.264 0.785 0.805
362.800  14.00 -0.736 0.828 0.825
363.000  14.00 -1.398 0.803 0.806
363.200  14.00 -1.324 0.752 0.742
363.400  14.00 -0.524 0.701 0.708
363.600  14.00 -0.933 0.698 0.733
363.800  13.40 -1.516 0.696 0.738
364.000  13.90 -1.571 0.704 0.753
364.200  14.00 -0.683 0.731 0.797
364.600  14.00 -0.571 0.785 0.778
364.800  14.00 -0.923 0.792 0.773
365.000  14.00 -0.873 0.761 0.739
