#lo_ghz dbm pll_if_power pa_0 pa_1
283.000 -11.00 -1.497 0.568 0.622
284.000 -11.98 -1.538 0.658 0.522
285.000 -11.55 -1.133 0.543 0.609
286.000 -11.82 -1.054 0.545 0.578
287.000 -12.10 -1.509 0.635 0.517
288.000 -11.65 -1.438 0.514 0.609
289.000 -11.30 -1.525 0.569 0.534
290.000 -11.85 -1.507 0.634 0.557
291.000 -10.30 -1.521 0.542 0.609
292.000 -11.23 -1.508 0.600 0.525
293.000 -12.75 -1.520 0.589 0.579
294.000 -11.28 -1.474 0.509 0.524
295.000 -11.60 -1.485 0.586 0.558
296.000 -11.73 -1.539 0.532 0.624
297.000 -11.65 -1.296 0.488 0.493
298.000 -12.08 -1.524 0.582 0.559
299.000 -11.70 -1.497 0.499 0.527
300.000 -12.00 -1.274 0.535 0.530
301.000 -12.70 -1.508 0.581 0.582
302.000 -12.70 -1.540 0.539 0.507
303.000 -12.90 -1.510 0.595 0.608
304.000 -13.35 -1.545 0.599 0.563
305.000 -13.30 -1.503 0.534 0.568
306.000 -13.55 -1.505 0.596 0.611
307.000 -13.10 -1.520 0.531 0.527
308.000 -13.38 -1.164 0.571 0.596
309.000 -13.65 -1.132 0.622 0.556
310.000 -14.12 -1.545 0.544 0.576
311.000 -14.20 -1.519 0.614 0.566
312.000 -14.80 -1.502 0.542 0.515
313.000 -14.50 -1.512 0.538 0.591
314.000 -14.50 -1.245 0.613 0.520
315.000 -14.60 -1.502 0.531 0.567
316.000 -14.68 -1.455 0.598 0.550
317.000 -14.75 -0.833 0.586 0.542
318.000 -14.82 -1.283 0.555 0.613
319.000 -14.90 -1.534 0.593 0.547
320.000 -14.85 -1.535 0.566 0.606
321.000 -14.50 -1.546 0.627 0.567
322.000 -13.55 -1.293 0.639 0.616
323.000 -13.10 -1.536 0.563 0.646
324.000 -13.13 -1.521 0.602 0.568
325.000 -13.15 -1.521 0.572 0.657
326.000 -13.68 -1.508 0.601 0.569
327.000 -12.40 -1.524 0.621 0.638
328.000 -12.38 -1.365 0.553 0.559
329.000 -12.35 -1.537 0.622 0.637
330.000 -12.63 -1.534 0.574 0.598
331.000 -12.30 -1.544 0.604 0.578
332.000 -12.33 -1.521 0.632 0.639
333.000 -11.95 -1.487 0.563 0.582
334.000 -11.78 -1.281 0.650 0.643
335.000 -11.60 -1.500 0.610 0.616
336.000 -11.05 -1.531 0.630 0.652
337.000 -10.70 -1.548 0.639 0.638
338.000 -10.45 -1.542 0.581 0.605
339.000  -9.40 -1.540 0.689 0.689
340.000  -9.65 -1.502 0.617 0.604
341.000 -10.00 -1.514 0.662 0.695
342.000  -9.55 -1.535 0.639 0.581
343.000  -9.20 -1.519 0.587 0.672
344.000  -9.30 -0.900 0.655 0.573
345.000  -9.40 -1.001 0.556 0.601
346.000 -10.00 -1.502 0.613 0.600
347.000  -9.60 -1.520 0.593 0.619
348.000  -9.70 -1.220 0.614 0.665
349.000  -9.80 -0.846 0.684 0.574
350.000  -9.90 -1.014 0.587 0.699
351.000 -10.00 -1.503 0.657 0.598
352.000 -11.30 -1.524 0.608 0.682
353.000 -10.20 -1.366 0.656 0.628
354.000 -10.30 -1.201 0.704 0.702
355.000 -10.40 -1.533 0.664 0.736
356.000 -11.45 -1.503 0.754 0.666
357.000 -13.20 -1.526 0.628 0.733
358.000 -13.15 -1.534 0.728 0.643
359.000 -11.40 -1.543 0.680 0.759
360.000 -11.47 -1.476 0.691 0.614
361.000 -12.25 -1.505 0.800 0.821
362.000 -11.73 -1.501 0.655 0.686
363.000 -11.70 -1.460 0.803 0.796
363.200 -11.40 -1.521 0.752 0.742
363.400 -10.50 -1.517 0.701 0.698
363.600 -10.10 -1.500 0.688 0.733
363.800 -10.00 -1.507 0.686 0.728
364.000  -8.70 -1.510 0.694 0.743
364.200  -7.60 -1.517 0.731 0.797
364.400  -7.80 -1.555 0.758 0.802
364.600  -8.20 -1.501 0.775 0.778
364.800  -7.20 -1.549 0.792 0.764
365.000  -7.00 -1.504 0.761 0.729
