# original mixer table 20190726.
#lo_ghz  mv01 mv02 mv11 mv12  ua01  ua02  ua11  ua12
283.000  2.24 2.24 2.34 2.34  31.30 36.70 26.50 27.40
287.000  2.26 2.26 2.36 2.36  28.30 30.80 27.40 26.70
291.000  2.32 2.32 2.38 2.38  28.10 31.90 29.30 27.90
295.000  2.30 2.30 2.20 2.20  23.10 26.20 29.20 30.20
299.000  2.20 2.21 2.28 2.28  26.50 32.40 29.60 31.20
303.000  2.28 2.28 2.30 2.30  33.50 30.70 27.60 29.10
307.000  2.25 2.25 2.28 2.28  26.10 29.20 25.70 27.50
311.000  2.28 2.28 2.30 2.30  25.60 30.10 25.40 26.40
315.000  2.32 2.32 2.34 2.34  28.20 32.00 26.00 25.10
319.000  2.28 2.28 2.34 2.34  29.90 31.80 24.90 25.90
323.000  2.30 2.30 2.32 2.32  24.00 26.40 25.60 26.30
327.000  2.28 2.28 1.80 1.80  23.40 27.00 24.60 26.10
331.000  2.26 2.26 2.36 2.36  26.10 30.50 27.60 27.40
335.000  2.30 2.30 2.34 2.34  25.20 27.60 25.90 25.50
339.000  2.34 2.34 2.32 2.32  25.00 27.90 25.90 26.90
343.000  2.34 2.34 2.36 2.36  24.80 28.30 27.80 26.90
347.000  1.94 1.94 1.94 1.94  27.70 29.00 26.50 29.20
351.000  1.96 1.96 1.96 1.96  28.40 31.60 26.90 27.00
355.000  2.00 2.00 2.00 2.00  29.20 32.20 26.30 26.90
359.000  2.02 2.02 2.02 2.02  31.20 33.20 27.30 25.70
363.000  2.04 2.04 2.04 2.04  29.70 35.20 28.90 30.80
365.000  2.06 2.06 2.06 2.06  28.40 31.60 26.60 26.90
