#lo_ghz mv01 mv02 mv11 mv12  ua01  ua02  ua11  ua12 
283.000 2.14 2.14 2.24 2.24  38.34 42.09 31.15 31.55
287.000 2.18 2.18 2.26 2.26  42.48 41.79 34.78 34.90
291.000 2.22 2.22 2.29 2.29  34.52 38.35 32.29 31.42
295.000 2.26 2.26 2.32 2.32  29.24 30.76 27.84 28.57
299.000 2.29 2.29 2.34 2.34  31.84 36.49 28.03 28.59
303.000 2.32 2.32 2.36 2.36  32.86 30.46 28.49 29.32
307.000 2.35 2.35 2.39 2.39  31.81 33.84 25.66 26.61
311.000 2.38 2.38 2.44 2.44  33.87 35.63 28.21 28.99
315.000 2.34 2.34 2.40 2.40  27.52 29.38 30.33 30.81
319.000 2.38 2.38 2.40 2.40  33.36 34.49 26.32 27.84
323.000 2.38 2.38 2.40 2.40  31.66 32.96 26.04 27.54
327.000 2.38 2.38 2.40 2.40  29.74 31.42 24.66 26.36
331.000 2.43 2.43 2.40 2.40  33.40 35.48 29.32 29.73
335.000 2.45 2.45 2.47 2.47  33.40 34.64 29.39 29.75
339.000 2.41 2.41 2.47 2.47  39.07 40.38 32.81 34.14
343.000 2.41 2.41 2.45 2.45  45.77 46.56 32.67 33.51
345.000 2.42 2.42 2.46 2.46  46.87 50.82 38.06 38.63
345.000 1.91 1.91 2.00 2.00  44.27 48.03 33.80 34.48
347.000 1.94 1.94 1.99 1.99  42.17 41.23 29.99 32.50
351.000 1.96 1.96 1.95 1.95  42.48 42.98 32.95 33.20
355.000 2.05 2.05 2.01 2.01  35.19 35.51 27.14 27.75
359.000 2.05 2.05 2.05 2.05  35.98 33.94 24.12 25.22
363.000 2.06 2.06 2.08 2.08  29.27 31.48 24.43 24.98
365.000 2.08 2.08 2.12 2.12  31.92 32.31 25.77 26.66
