# 20201001 14:27:10 HST
# ['/jac_sw/itsroot/src/namakanui/src/dbm_photo.py', '10.100.40.3', '10.5', '-10', '18', '31', '.01', '--deadband=.1', '--table=dbm_photo_10.5_0.05_20201001.1420.txt', '--note=fine sweep']
#
#ghz dbm pow
18.000 -4.87 10.465
18.010 -4.81 10.416
18.020 -4.99 10.445
18.030 -5.25 10.528
18.040 -5.52 10.556
18.050 -5.51 10.593
18.060 -5.55 10.417
18.070 -5.10 10.468
18.080 -5.01 10.459
18.090 -5.23 10.475
18.100 -5.69 10.409
18.110 -5.68 10.566
18.120 -5.78 10.526
18.130 -5.44 10.595
18.140 -5.03 10.572
18.150 -4.87 10.431
18.160 -4.87 10.411
18.170 -5.15 10.444
18.180 -5.48 10.504
18.190 -5.68 10.553
18.200 -5.88 10.438
18.210 -5.59 10.452
18.220 -5.10 10.464
18.230 -4.74 10.448
18.240 -4.72 10.459
18.250 -5.08 10.453
18.260 -5.33 10.522
18.270 -5.45 10.539
18.280 -5.25 10.540
18.290 -4.68 10.565
18.300 -4.41 10.409
18.310 -4.11 10.455
18.320 -4.50 10.416
18.330 -4.80 10.505
18.340 -4.93 10.582
18.350 -5.06 10.445
18.360 -4.51 10.457
18.370 -4.04 10.402
18.380 -3.79 10.465
18.390 -4.29 10.445
18.400 -4.78 10.447
18.410 -4.74 10.559
18.420 -4.47 10.573
18.430 -4.31 10.411
18.440 -3.98 10.405
18.450 -4.00 10.440
18.460 -4.10 10.579
18.470 -4.49 10.548
18.480 -4.45 10.553
18.490 -3.95 10.587
18.500 -3.74 10.432
18.510 -3.52 10.449
18.520 -3.85 10.464
18.530 -4.46 10.455
18.540 -4.70 10.586
18.550 -4.94 10.558
18.560 -4.72 10.554
18.570 -4.37 10.440
18.580 -3.73 10.450
18.590 -3.51 10.437
18.600 -3.84 10.431
18.610 -4.09 10.599
18.620 -4.68 10.560
18.630 -4.89 10.561
18.640 -4.71 10.548
18.650 -4.11 10.562
18.660 -3.83 10.458
18.670 -3.83 10.443
18.680 -4.15 10.464
18.690 -4.70 10.438
18.700 -4.85 10.559
18.710 -4.85 10.577
18.720 -4.53 10.537
18.730 -4.22 10.428
18.740 -4.05 10.423
18.750 -4.04 10.541
18.760 -4.43 10.539
18.770 -4.64 10.554
18.780 -4.49 10.550
18.790 -3.92 10.574
18.800 -3.89 10.410
18.810 -3.96 10.410
18.820 -4.03 10.546
18.830 -4.28 10.598
18.840 -4.50 10.528
18.850 -4.23 10.487
18.860 -3.73 10.443
18.870 -3.53 10.417
18.880 -3.74 10.433
18.890 -4.21 10.426
18.900 -4.39 10.532
18.910 -4.44 10.597
18.920 -4.27 10.586
18.930 -3.98 10.462
18.940 -3.50 10.459
18.950 -3.70 10.404
18.960 -3.88 10.526
18.970 -4.24 10.596
18.980 -4.69 10.534
18.990 -4.62 10.597
19.000 -4.61 10.448
19.010 -4.10 10.444
19.020 -3.90 10.416
19.030 -4.14 10.436
19.040 -4.73 10.411
19.050 -4.99 10.527
19.060 -5.25 10.529
19.070 -5.17 10.537
19.080 -4.71 10.565
19.090 -4.45 10.432
19.100 -4.32 10.420
19.110 -4.48 10.505
19.120 -4.82 10.584
19.130 -5.27 10.538
19.140 -5.33 10.531
19.150 -5.13 10.466
19.160 -4.69 10.463
19.170 -4.63 10.444
19.180 -4.89 10.464
19.190 -5.33 10.416
19.200 -5.38 10.466
19.210 -5.31 10.410
19.220 -4.81 10.462
19.230 -4.56 10.447
19.240 -4.65 10.465
19.250 -5.02 10.463
19.260 -5.05 10.596
19.270 -5.17 10.542
19.280 -4.86 10.532
19.290 -4.32 10.521
19.300 -4.14 10.409
19.310 -4.15 10.438
19.320 -4.39 10.522
19.330 -4.69 10.584
19.340 -5.00 10.531
19.350 -4.76 10.579
19.360 -4.55 10.437
19.370 -3.92 10.434
19.380 -3.62 10.409
19.390 -3.76 10.435
19.400 -4.28 10.427
19.410 -4.53 10.530
19.420 -4.68 10.552
19.430 -4.50 10.545
19.440 -3.94 10.561
19.450 -3.72 10.423
19.460 -3.54 10.465
19.470 -4.01 10.440
19.480 -4.27 10.565
19.490 -4.65 10.533
19.500 -4.54 10.549
19.510 -4.27 10.434
19.520 -3.66 10.427
19.530 -3.45 10.410
19.540 -3.68 10.442
19.550 -4.25 10.404
19.560 -4.26 10.558
19.570 -4.28 10.519
19.580 -4.16 10.432
19.590 -4.11 10.401
19.600 -4.32 10.429
19.610 -4.46 10.579
19.620 -4.87 10.547
19.630 -4.88 10.549
19.640 -4.47 10.578
19.650 -4.31 10.442
19.660 -4.12 10.472
19.670 -4.48 10.426
19.680 -4.77 10.488
19.690 -4.92 10.586
19.700 -5.07 10.562
19.710 -4.89 10.522
19.720 -4.55 10.408
19.730 -3.95 10.439
19.740 -3.83 10.444
19.750 -4.18 10.416
19.760 -4.29 10.557
19.770 -4.64 10.543
19.780 -4.69 10.551
19.790 -4.32 10.585
19.800 -4.15 10.418
19.810 -3.76 10.453
19.820 -3.88 10.452
19.830 -4.32 10.428
19.840 -4.56 10.507
19.850 -4.66 10.572
19.860 -4.56 10.580
19.870 -4.47 10.413
19.880 -3.90 10.455
19.890 -3.84 10.453
19.900 -4.18 10.453
19.910 -4.38 10.570
19.920 -4.78 10.540
19.930 -4.87 10.540
19.940 -4.58 10.575
19.950 -4.49 10.465
19.960 -4.60 10.421
19.970 -4.71 10.534
19.980 -4.96 10.570
19.990 -5.05 10.563
20.000 -5.04 10.450
20.010 -4.70 10.462
20.020 -4.68 10.459
20.030 -5.03 10.427
20.040 -5.24 10.496
20.050 -5.29 10.576
20.060 -5.28 10.551
20.070 -5.04 10.495
20.080 -4.73 10.409
20.090 -4.38 10.466
20.100 -4.66 10.436
20.110 -4.87 10.559
20.120 -5.31 10.528
20.130 -5.47 10.534
20.140 -5.27 10.597
20.150 -5.15 10.466
20.160 -4.65 10.457
20.170 -4.35 10.433
20.180 -4.46 10.435
20.190 -4.82 10.472
20.200 -5.26 10.467
20.210 -5.24 10.592
20.220 -5.26 10.534
20.230 -4.78 10.583
20.240 -4.40 10.507
20.250 -4.19 10.466
20.260 -4.38 10.456
20.270 -4.57 10.580
20.280 -4.94 10.585
20.290 -5.09 10.572
20.300 -5.13 10.454
20.310 -4.73 10.469
20.320 -4.52 10.453
20.330 -4.64 10.460
20.340 -5.02 10.429
20.350 -4.99 10.538
20.360 -4.92 10.502
20.370 -4.69 10.421
20.380 -4.29 10.457
20.390 -4.30 10.470
20.400 -4.64 10.450
20.410 -4.64 10.558
20.420 -4.51 10.562
20.430 -4.26 10.483
20.440 -4.00 10.432
20.450 -4.00 10.442
20.460 -4.18 10.559
20.470 -4.77 10.534
20.480 -5.13 10.543
20.490 -5.19 10.540
20.500 -4.89 10.532
20.510 -4.46 10.466
20.520 -4.08 10.432
20.530 -4.05 10.432
20.540 -4.34 10.467
20.550 -4.67 10.529
20.560 -4.93 10.527
20.570 -4.83 10.534
20.580 -4.39 10.551
20.590 -4.16 10.437
20.600 -4.03 10.426
20.610 -4.32 10.419
20.620 -4.60 10.544
20.630 -5.06 10.583
20.640 -5.39 10.591
20.650 -5.46 10.574
20.660 -5.30 10.493
20.670 -4.95 10.409
20.680 -4.48 10.461
20.690 -4.48 10.469
20.700 -4.68 10.526
20.710 -5.00 10.527
20.720 -5.05 10.537
20.730 -4.69 10.585
20.740 -4.46 10.498
20.750 -4.40 10.450
20.760 -4.39 10.532
20.770 -4.52 10.572
20.780 -4.52 10.577
20.790 -4.36 10.540
20.800 -4.35 10.441
20.810 -4.44 10.449
20.820 -4.76 10.479
20.830 -4.97 10.593
20.840 -5.32 10.562
20.850 -5.38 10.533
20.860 -5.27 10.411
20.870 -4.64 10.455
20.880 -4.33 10.433
20.890 -4.41 10.451
20.900 -4.83 10.452
20.910 -4.96 10.595
20.920 -5.25 10.545
20.930 -5.13 10.543
20.940 -4.70 10.560
20.950 -4.52 10.465
20.960 -4.63 10.417
20.970 -4.95 10.448
20.980 -5.32 10.509
20.990 -5.59 10.561
21.000 -5.86 10.472
21.010 -5.62 10.502
21.020 -5.26 10.445
21.030 -4.68 10.460
21.040 -4.43 10.455
21.050 -4.66 10.464
21.060 -4.97 10.580
21.070 -5.52 10.541
21.080 -5.69 10.545
21.090 -5.43 10.595
21.100 -5.36 10.436
21.110 -5.23 10.402
21.120 -5.36 10.422
21.130 -5.62 10.463
21.140 -5.70 10.545
21.150 -5.79 10.475
21.160 -5.65 10.433
21.170 -5.46 10.472
21.180 -5.69 10.417
21.190 -5.91 10.414
21.200 -5.94 10.412
21.210 -5.60 10.452
21.220 -5.06 10.467
21.230 -4.64 10.448
21.240 -4.55 10.452
21.250 -4.87 10.437
21.260 -5.02 10.572
21.270 -5.36 10.535
21.280 -5.36 10.538
21.290 -5.00 10.578
21.300 -4.82 10.464
21.310 -4.76 10.401
21.320 -4.92 10.415
21.330 -5.23 10.464
21.340 -5.37 10.572
21.350 -5.51 10.557
21.360 -5.24 10.594
21.370 -4.96 10.488
21.380 -4.52 10.408
21.390 -3.99 10.452
21.400 -4.14 10.407
21.410 -4.33 10.530
21.420 -4.92 10.532
21.430 -5.30 10.548
21.440 -5.41 10.534
21.450 -5.09 10.554
21.460 -4.90 10.404
21.470 -4.46 10.435
21.480 -4.49 10.438
21.490 -4.94 10.415
21.500 -5.11 10.548
21.510 -5.20 10.587
21.520 -4.95 10.598
21.530 -4.88 10.430
21.540 -4.68 10.434
21.550 -4.72 10.493
21.560 -4.84 10.562
21.570 -4.87 10.570
21.580 -4.73 10.523
21.590 -4.73 10.410
21.600 -4.73 10.437
21.610 -4.81 10.571
21.620 -5.29 10.534
21.630 -5.47 10.541
21.640 -5.24 10.591
21.650 -5.13 10.470
21.660 -4.92 10.469
21.670 -5.03 10.471
21.680 -5.43 10.441
21.690 -5.71 10.492
21.700 -5.86 10.532
21.710 -5.72 10.566
21.720 -5.28 10.569
21.730 -4.98 10.410
21.740 -4.54 10.419
21.750 -4.40 10.464
21.760 -4.61 10.489
21.770 -4.82 10.578
21.780 -5.19 10.572
21.790 -5.39 10.564
21.800 -5.46 10.466
21.810 -5.19 10.401
21.820 -4.69 10.447
21.830 -4.58 10.445
21.840 -4.74 10.463
21.850 -5.08 10.450
21.860 -5.05 10.580
21.870 -5.09 10.536
21.880 -4.64 10.565
21.890 -4.31 10.481
21.900 -4.12 10.462
21.910 -4.32 10.447
21.920 -4.52 10.532
21.930 -4.83 10.556
21.940 -4.93 10.579
21.950 -5.13 10.420
21.960 -4.96 10.433
21.970 -5.06 10.412
21.980 -5.02 10.514
21.990 -4.99 10.544
22.000 -4.95 10.444
22.010 -4.57 10.461
22.020 -4.48 10.450
22.030 -4.67 10.462
22.040 -5.10 10.435
22.050 -5.29 10.521
22.060 -5.35 10.586
22.070 -5.21 10.590
22.080 -4.91 10.521
22.090 -4.67 10.436
22.100 -4.66 10.417
22.110 -4.90 10.434
22.120 -5.13 10.518
22.130 -5.37 10.591
22.140 -5.72 10.552
22.150 -5.84 10.544
22.160 -5.78 10.504
22.170 -5.57 10.437
22.180 -5.25 10.467
22.190 -5.40 10.412
22.200 -5.54 10.476
22.210 -5.64 10.575
22.220 -5.88 10.536
22.230 -5.85 10.537
22.240 -5.45 10.589
22.250 -5.21 10.457
22.260 -4.89 10.461
22.270 -4.95 10.472
22.280 -5.29 10.451
22.290 -5.46 10.508
22.300 -5.52 10.557
22.310 -5.48 10.555
22.320 -5.43 10.452
22.330 -5.23 10.419
22.340 -5.19 10.423
22.350 -5.30 10.445
22.360 -5.23 10.528
22.370 -5.17 10.491
22.380 -4.99 10.441
22.390 -4.88 10.429
22.400 -4.97 10.444
22.410 -4.88 10.586
22.420 -4.95 10.582
22.430 -4.82 10.564
22.440 -4.59 10.516
22.450 -4.50 10.453
22.460 -4.63 10.441
22.470 -4.76 10.547
22.480 -5.05 10.583
22.490 -5.22 10.600
22.500 -5.16 10.591
22.510 -5.08 10.444
22.520 -4.53 10.457
22.530 -4.24 10.438
22.540 -4.31 10.451
22.550 -4.78 10.430
22.560 -4.95 10.592
22.570 -5.38 10.550
22.580 -5.42 10.552
22.590 -5.13 10.533
22.600 -4.73 10.435
22.610 -4.16 10.443
22.620 -4.02 10.429
22.630 -4.23 10.445
22.640 -4.69 10.443
22.650 -4.83 10.593
22.660 -5.21 10.537
22.670 -5.16 10.545
22.680 -4.73 10.584
22.690 -4.47 10.502
22.700 -4.38 10.458
22.710 -4.43 10.500
22.720 -4.59 10.556
22.730 -4.70 10.585
22.740 -4.60 10.586
22.750 -4.65 10.440
22.760 -4.53 10.445
22.770 -4.62 10.471
22.780 -4.61 10.556
22.790 -4.59 10.540
22.800 -4.58 10.420
22.810 -4.29 10.466
22.820 -4.35 10.468
22.830 -4.63 10.445
22.840 -4.80 10.479
22.850 -4.86 10.505
22.860 -4.73 10.495
22.870 -4.47 10.426
22.880 -4.04 10.453
22.890 -3.96 10.461
22.900 -4.22 10.432
22.910 -4.24 10.551
22.920 -4.41 10.578
22.930 -4.47 10.597
22.940 -4.42 10.559
22.950 -4.31 10.428
22.960 -3.90 10.444
22.970 -3.91 10.428
22.980 -4.20 10.447
22.990 -4.76 10.403
23.000 -5.11 10.443
23.010 -5.16 10.561
23.020 -5.15 10.594
23.030 -4.99 10.554
23.040 -4.81 10.456
23.050 -4.73 10.429
23.060 -4.95 10.434
23.070 -5.16 10.524
23.080 -5.38 10.600
23.090 -5.71 10.552
23.100 -5.81 10.506
23.110 -5.73 10.406
23.120 -5.19 10.454
23.130 -4.99 10.447
23.140 -5.11 10.462
23.150 -5.43 10.439
23.160 -5.52 10.484
23.170 -5.60 10.460
23.180 -5.69 10.414
23.190 -5.77 10.427
23.200 -5.86 10.456
23.210 -5.73 10.537
23.220 -5.59 10.516
23.230 -5.36 10.446
23.240 -5.15 10.406
23.250 -5.19 10.419
23.260 -5.29 10.524
23.270 -5.52 10.575
23.280 -5.82 10.528
23.290 -5.73 10.576
23.300 -5.67 10.492
23.310 -5.42 10.400
23.320 -4.92 10.441
23.330 -4.88 10.444
23.340 -5.24 10.422
23.350 -5.32 10.559
23.360 -5.61 10.537
23.370 -5.64 10.549
23.380 -5.49 10.542
23.390 -5.05 10.564
23.400 -4.83 10.424
23.410 -4.41 10.455
23.420 -4.49 10.454
23.430 -4.89 10.440
23.440 -5.05 10.536
23.450 -5.10 10.592
23.460 -5.06 10.564
23.470 -4.78 10.526
23.480 -4.50 10.431
23.490 -4.12 10.461
23.500 -4.30 10.440
23.510 -4.41 10.594
23.520 -4.95 10.543
23.530 -5.11 10.548
23.540 -4.90 10.589
23.550 -4.83 10.484
23.560 -4.79 10.402
23.570 -4.75 10.425
23.580 -4.70 10.481
23.590 -4.66 10.467
23.600 -4.62 10.410
23.610 -4.56 10.433
23.620 -4.74 10.465
23.630 -4.80 10.578
23.640 -4.86 10.599
23.650 -4.92 10.469
23.660 -4.46 10.459
23.670 -4.10 10.422
23.680 -4.00 10.416
23.690 -4.23 10.439
23.700 -4.69 10.456
23.710 -4.93 10.543
23.720 -5.03 10.569
23.730 -4.80 10.559
23.740 -4.18 10.573
23.750 -3.91 10.449
23.760 -3.70 10.445
23.770 -3.94 10.440
23.780 -4.35 10.463
23.790 -4.93 10.414
23.800 -5.18 10.416
23.810 -4.94 10.477
23.820 -4.59 10.433
23.830 -4.01 10.445
23.840 -3.79 10.441
23.850 -3.98 10.447
23.860 -4.14 10.553
23.870 -4.47 10.600
23.880 -4.89 10.547
23.890 -4.95 10.532
23.900 -4.78 10.463
23.910 -4.24 10.445
23.920 -3.89 10.408
23.930 -3.87 10.415
23.940 -4.09 10.450
23.950 -4.46 10.437
23.960 -4.52 10.478
23.970 -4.58 10.434
23.980 -4.53 10.432
23.990 -4.60 10.440
24.000 -4.77 10.410
24.010 -4.64 10.429
24.020 -4.31 10.452
24.030 -4.16 10.436
24.040 -4.28 10.446
24.050 -4.73 10.406
24.060 -4.74 10.572
24.070 -5.09 10.533
24.080 -5.15 10.538
24.090 -4.89 10.572
24.100 -4.77 10.444
24.110 -4.45 10.452
24.120 -4.56 10.448
24.130 -5.00 10.424
24.140 -5.27 10.483
24.150 -5.39 10.549
24.160 -5.36 10.587
24.170 -5.17 10.580
24.180 -4.84 10.532
24.190 -4.66 10.419
24.200 -4.48 10.461
24.210 -4.66 10.533
24.220 -4.99 10.594
24.230 -5.45 10.545
24.240 -5.58 10.541
24.250 -5.37 10.575
24.260 -5.18 10.481
24.270 -4.62 10.458
24.280 -4.14 10.422
24.290 -4.00 10.427
24.300 -4.41 10.403
24.310 -4.37 10.582
24.320 -4.68 10.542
24.330 -4.44 10.596
24.340 -4.25 10.544
24.350 -4.21 10.452
24.360 -4.07 10.493
24.370 -3.94 10.570
24.380 -3.80 10.579
24.390 -3.67 10.501
24.400 -3.53 10.441
24.410 -3.41 10.483
24.420 -3.39 10.565
24.430 -3.51 10.544
24.440 -3.15 10.573
24.450 -2.92 10.453
24.460 -2.45 10.420
24.470 -2.15 10.451
24.480 -2.58 10.413
24.490 -3.01 10.459
24.500 -3.44 10.459
24.510 -3.17 10.573
24.520 -2.66 10.600
24.530 -2.28 10.485
24.540 -1.89 10.404
24.550 -1.50 10.452
24.560 -1.82 10.444
24.570 -2.13 10.539
24.580 -2.58 10.590
24.590 -2.89 10.577
24.600 -3.08 10.432
24.610 -2.41 10.441
24.620 -1.65 10.449
24.630 -1.28 10.441
24.640 -1.48 10.411
24.650 -1.88 10.422
24.660 -1.90 10.584
24.670 -2.41 10.564
24.680 -2.50 10.574
24.690 -2.11 10.596
24.700 -1.99 10.452
24.710 -1.66 10.436
24.720 -1.77 10.430
24.730 -2.29 10.406
24.740 -2.57 10.465
24.750 -2.72 10.487
24.760 -2.59 10.490
24.770 -2.47 10.462
24.780 -2.34 10.481
24.790 -2.22 10.501
24.800 -2.09 10.450
24.810 -1.65 10.434
24.820 -1.47 10.401
24.830 -1.59 10.412
24.840 -1.92 10.452
24.850 -2.30 10.495
24.860 -2.53 10.549
24.870 -2.55 10.579
24.880 -2.28 10.564
24.890 -1.64 10.546
24.900 -1.47 10.401
24.910 -1.19 10.446
24.920 -1.58 10.418
24.930 -1.82 10.486
24.940 -1.93 10.578
24.950 -2.05 10.591
24.960 -1.96 10.549
24.970 -1.86 10.402
24.980 -1.27 10.432
24.990 -1.24 10.438
25.000 -1.58 10.450
25.010 -1.68 10.563
25.020 -1.93 10.600
25.030 -2.25 10.546
25.040 -1.99 10.588
25.050 -2.09 10.402
25.060 -1.50 10.405
25.070 -1.15 10.442
25.080 -1.43 10.453
25.090 -2.02 10.441
25.100 -2.53 10.418
25.110 -2.36 10.528
25.120 -2.19 10.522
25.130 -2.01 10.432
25.140 -1.71 10.404
25.150 -1.67 10.433
25.160 -1.83 10.493
25.170 -2.00 10.526
25.180 -2.16 10.486
25.190 -2.33 10.420
25.200 -2.49 10.411
25.210 -2.23 10.570
25.220 -2.36 10.555
25.230 -2.08 10.548
25.240 -1.47 10.530
25.250 -1.21 10.410
25.260 -0.93 10.428
25.270 -1.26 10.444
25.280 -1.88 10.440
25.290 -2.10 10.498
25.300 -2.32 10.439
25.310 -1.90 10.443
25.320 -1.11 10.445
25.330 -0.41 10.404
25.340 0.01 10.404
25.350 -0.23 10.405
25.360 -0.41 10.548
25.370 -1.07 10.567
25.380 -1.39 10.589
25.390 -1.37 10.558
25.400 -1.11 10.442
25.410 -0.26 10.414
25.420 0.62 10.428
25.430 0.93 10.426
25.440 0.76 10.448
25.450 0.14 10.429
25.460 0.21 10.581
25.470 0.05 10.565
25.480 0.55 10.597
25.490 0.87 10.510
25.500 1.05 10.450
25.510 0.88 10.430
25.520 0.72 10.501
25.530 0.55 10.565
25.540 0.39 10.537
25.550 0.22 10.403
25.560 0.75 10.434
25.570 0.83 10.441
25.580 0.59 10.437
25.590 0.71 10.485
25.600 0.83 10.444
25.610 1.08 10.417
25.620 1.16 10.443
25.630 0.54 10.414
25.640 -0.14 10.402
25.650 -0.55 10.414
25.660 -0.41 10.465
25.670 -0.16 10.415
25.680 0.42 10.411
25.690 0.56 10.411
25.700 0.14 10.425
25.710 -0.12 10.548
25.720 -0.81 10.562
25.730 -1.22 10.579
25.740 -1.32 10.555
25.750 -1.18 10.447
25.760 -0.38 10.449
25.770 -0.11 10.424
25.780 -0.37 10.436
25.790 -1.07 10.427
25.800 -1.68 10.448
25.810 -1.77 10.578
25.820 -2.10 10.561
25.830 -2.03 10.553
25.840 -1.61 10.539
25.850 -1.59 10.401
25.860 -1.37 10.444
25.870 -1.83 10.409
25.880 -2.14 10.452
25.890 -2.32 10.503
25.900 -2.50 10.472
25.910 -2.36 10.445
25.920 -1.87 10.453
25.930 -1.57 10.432
25.940 -1.54 10.449
25.950 -1.79 10.451
25.960 -1.92 10.475
25.970 -2.05 10.441
25.980 -2.07 10.425
25.990 -2.20 10.424
26.000 -2.45 10.429
26.010 -2.19 10.586
26.020 -2.09 10.600
26.030 -1.68 10.596
26.040 -1.42 10.474
26.050 -1.16 10.420
26.060 -1.25 10.425
26.070 -1.55 10.472
26.080 -1.75 10.543
26.090 -1.94 10.544
26.100 -2.14 10.431
26.110 -1.62 10.440
26.120 -0.95 10.440
26.130 -0.68 10.423
26.140 -0.92 10.445
26.150 -1.74 10.400
26.160 -1.71 10.575
26.170 -2.00 10.571
26.180 -1.87 10.573
26.190 -1.30 10.578
26.200 -1.05 10.430
26.210 -0.53 10.406
26.220 -0.58 10.401
26.230 -0.96 10.446
26.240 -1.39 10.489
26.250 -1.48 10.541
26.260 -1.37 10.525
26.270 -1.25 10.413
26.280 -0.64 10.418
26.290 -0.48 10.415
26.300 -0.91 10.417
26.310 -1.01 10.558
26.320 -1.50 10.558
26.330 -1.58 10.552
26.340 -1.31 10.546
26.350 -1.41 10.439
26.360 -1.30 10.460
26.370 -1.20 10.528
26.380 -1.09 10.561
26.390 -0.99 10.506
26.400 -0.88 10.423
26.410 -0.65 10.443
26.420 -1.05 10.420
26.430 -1.30 10.487
26.440 -1.44 10.543
26.450 -1.58 10.489
26.460 -1.29 10.449
26.470 -0.80 10.448
26.480 -0.75 10.439
26.490 -1.24 10.422
26.500 -1.79 10.445
26.510 -1.95 10.558
26.520 -2.04 10.596
26.530 -1.76 10.590
26.540 -0.87 10.598
26.550 -0.64 10.413
26.560 0.06 10.438
26.570 -0.10 10.433
26.580 -0.80 10.412
26.590 -1.49 10.411
26.600 -1.85 10.448
26.610 -1.71 10.519
26.620 -1.57 10.470
26.630 -1.30 10.402
26.640 -0.87 10.434
26.650 -1.15 10.419
26.660 -1.26 10.514
26.670 -1.49 10.586
26.680 -1.90 10.555
26.690 -1.71 10.580
26.700 -1.72 10.446
26.710 -1.18 10.423
26.720 -0.78 10.441
26.730 -1.06 10.409
26.740 -1.24 10.438
26.750 -1.59 10.423
26.760 -1.76 10.432
26.770 -1.92 10.419
26.780 -2.09 10.408
26.790 -2.25 10.420
26.800 -2.42 10.409
26.810 -2.22 10.435
26.820 -1.89 10.404
26.830 -1.30 10.417
26.840 -1.12 10.418
26.850 -1.43 10.418
26.860 -1.53 10.528
26.870 -1.77 10.594
26.880 -2.14 10.556
26.890 -1.84 10.597
26.900 -1.94 10.425
26.910 -1.37 10.405
26.920 -1.00 10.431
26.930 -1.45 10.405
26.940 -1.98 10.403
26.950 -2.15 10.464
26.960 -2.00 10.543
26.970 -1.85 10.532
26.980 -1.70 10.454
26.990 -1.44 10.422
27.000 -1.40 10.433
27.010 -1.49 10.515
27.020 -1.70 10.590
27.030 -2.08 10.560
27.040 -1.87 10.582
27.050 -1.85 10.438
27.060 -1.18 10.402
27.070 -0.50 10.411
27.080 -0.50 10.415
27.090 -0.90 10.448
27.100 -1.71 10.400
27.110 -1.74 10.513
27.120 -1.76 10.551
27.130 -1.79 10.512
27.140 -1.81 10.450
27.150 -1.84 10.422
27.160 -1.75 10.459
27.170 -1.66 10.479
27.180 -1.58 10.448
27.190 -1.49 10.409
27.200 -1.40 10.434
27.210 -1.44 10.505
27.220 -1.49 10.594
27.230 -1.66 10.590
27.240 -1.58 10.552
27.250 -1.62 10.423
27.260 -1.27 10.422
27.270 -1.40 10.416
27.280 -1.77 10.449
27.290 -2.26 10.470
27.300 -2.42 10.535
27.310 -2.33 10.579
27.320 -2.02 10.577
27.330 -1.83 10.476
27.340 -1.63 10.401
27.350 -1.43 10.418
27.360 -1.62 10.436
27.370 -1.81 10.498
27.380 -2.01 10.540
27.390 -2.20 10.518
27.400 -2.39 10.416
27.410 -1.99 10.449
27.420 -1.81 10.430
27.430 -1.74 10.428
27.440 -1.79 10.444
27.450 -2.10 10.423
27.460 -2.06 10.502
27.470 -2.03 10.553
27.480 -1.99 10.557
27.490 -1.96 10.511
27.500 -1.92 10.449
27.510 -1.72 10.448
27.520 -1.52 10.468
27.530 -1.33 10.484
27.540 -1.13 10.474
27.550 -0.93 10.438
27.560 -0.60 10.445
27.570 -0.60 10.434
27.580 -0.91 10.407
27.590 -1.07 10.421
27.600 -1.10 10.424
27.610 -0.82 10.446
27.620 -0.73 10.415
27.630 -0.75 10.413
27.640 -0.97 10.433
27.650 -1.47 10.415
27.660 -1.41 10.511
27.670 -1.36 10.523
27.680 -1.30 10.462
27.690 -1.25 10.402
27.700 -1.19 10.420
27.710 -1.44 10.442
27.720 -1.69 10.500
27.730 -1.94 10.546
27.740 -2.19 10.534
27.750 -2.44 10.439
27.760 -2.41 10.406
27.770 -2.27 10.450
27.780 -2.43 10.458
27.790 -2.78 10.434
27.800 -3.00 10.459
27.810 -2.94 10.581
27.820 -3.04 10.588
27.830 -2.99 10.597
27.840 -2.89 10.568
27.850 -2.71 10.536
27.860 -2.48 10.510
27.870 -2.24 10.480
27.880 -2.01 10.467
27.890 -1.77 10.467
27.900 -1.54 10.450
27.910 -1.34 10.407
27.920 -1.01 10.425
27.930 -0.80 10.415
27.940 -0.62 10.425
27.950 -0.56 10.407
27.960 -0.49 10.402
27.970 -0.32 10.434
27.980 -0.24 10.428
27.990 -0.18 10.426
28.000 -0.23 10.421
28.010 -0.20 10.483
28.020 -0.16 10.561
28.030 -0.13 10.597
28.040 -0.09 10.552
28.050 -0.06 10.430
28.060 0.47 10.425
28.070 0.68 10.401
28.080 0.68 10.413
28.090 0.54 10.447
28.100 0.25 10.448
28.110 0.11 10.458
28.120 -0.03 10.429
28.130 -0.06 10.413
28.140 -0.20 10.411
28.150 -0.46 10.450
28.160 -0.84 10.506
28.170 -1.22 10.558
28.180 -1.61 10.571
28.190 -1.99 10.532
28.200 -2.37 10.433
28.210 -2.35 10.428
28.220 -2.23 10.455
28.230 -2.31 10.458
28.240 -2.64 10.426
28.250 -2.85 10.460
28.260 -2.99 10.501
28.270 -3.13 10.498
28.280 -3.27 10.455
28.290 -3.41 10.413
28.300 -3.55 10.409
28.310 -3.62 10.476
28.320 -3.68 10.553
28.330 -3.75 10.594
28.340 -3.91 10.551
28.350 -3.88 10.583
28.360 -3.92 10.588
28.370 -3.97 10.595
28.380 -4.01 10.590
28.390 -4.06 10.536
28.400 -4.10 10.445
28.410 -4.01 10.413
28.420 -3.93 10.415
28.430 -3.84 10.466
28.440 -3.76 10.518
28.450 -3.67 10.531
28.460 -3.46 10.531
28.470 -3.25 10.468
28.480 -2.93 10.438
28.490 -2.69 10.423
28.500 -2.61 10.435
28.510 -2.54 10.505
28.520 -2.47 10.580
28.530 -2.51 10.569
28.540 -2.33 10.564
28.550 -2.26 10.456
28.560 -1.78 10.451
28.570 -1.50 10.418
28.580 -1.38 10.423
28.590 -1.45 10.445
28.600 -1.68 10.440
28.610 -1.46 10.509
28.620 -1.23 10.512
28.630 -1.01 10.461
28.640 -0.78 10.415
28.650 -0.56 10.425
28.660 -0.79 10.425
28.670 -1.02 10.465
28.680 -1.26 10.495
28.690 -1.49 10.481
28.700 -1.72 10.418
28.710 -1.68 10.402
28.720 -1.52 10.440
28.730 -1.84 10.403
28.740 -2.06 10.400
28.750 -2.14 10.423
28.760 -2.30 10.417
28.770 -2.56 10.405
28.780 -2.87 10.421
28.790 -3.27 10.427
28.800 -3.55 10.452
28.810 -3.62 10.498
28.820 -3.70 10.463
28.830 -3.67 10.439
28.840 -3.71 10.424
28.850 -3.92 10.417
28.860 -4.00 10.516
28.870 -4.19 10.569
28.880 -4.32 10.598
28.890 -4.38 10.585
28.900 -4.30 10.580
28.910 -4.32 10.532
28.920 -4.33 10.523
28.930 -4.35 10.543
28.940 -4.36 10.573
28.950 -4.38 10.574
28.960 -4.34 10.562
28.970 -4.30 10.502
28.980 -4.25 10.428
28.990 -4.10 10.437
29.000 -4.17 10.414
29.010 -4.10 10.483
29.020 -4.03 10.541
29.030 -3.97 10.548
29.040 -3.90 10.500
29.050 -3.83 10.407
29.060 -3.37 10.458
29.070 -3.17 10.449
29.080 -3.09 10.454
29.090 -3.21 10.418
29.100 -3.21 10.411
29.110 -3.02 10.425
29.120 -2.84 10.402
29.130 -2.54 10.420
29.140 -2.36 10.428
29.150 -2.28 10.418
29.160 -2.11 10.422
29.170 -1.82 10.444
29.180 -1.71 10.436
29.190 -1.73 10.448
29.200 -2.01 10.444
29.210 -1.94 10.544
29.220 -1.98 10.579
29.230 -1.91 10.576
29.240 -1.75 10.528
29.250 -1.68 10.430
29.260 -1.46 10.416
29.270 -1.67 10.405
29.280 -2.07 10.433
29.290 -2.69 10.409
29.300 -3.12 10.409
29.310 -3.04 10.529
29.320 -2.97 10.561
29.330 -2.89 10.525
29.340 -2.82 10.465
29.350 -2.74 10.457
29.360 -2.95 10.437
29.370 -3.16 10.475
29.380 -3.36 10.518
29.390 -3.57 10.516
29.400 -3.78 10.464
29.410 -3.79 10.463
29.420 -3.79 10.482
29.430 -3.80 10.527
29.440 -3.80 10.570
29.450 -3.81 10.550
29.460 -3.57 10.552
29.470 -3.33 10.500
29.480 -3.10 10.449
29.490 -2.86 10.465
29.500 -2.62 10.552
29.510 -2.68 10.567
29.520 -2.66 10.585
29.530 -2.61 10.581
29.540 -2.45 10.599
29.550 -2.41 10.576
29.560 -2.31 10.548
29.570 -1.92 10.558
29.580 -1.18 10.586
29.590 -0.63 10.512
29.600 -0.18 10.436
29.610 0.19 10.419
29.620 0.11 10.419
29.630 -0.34 10.412
29.640 -0.53 10.439
29.650 -0.62 10.418
29.660 0.27 10.453
29.670 1.64 10.420
29.680 4.23 10.406
29.690 6.23 10.398
29.700 5.82 10.411
29.710 3.75 10.419
29.720 2.56 10.482
29.730 1.93 10.545
29.740 1.29 10.527
29.750 0.65 10.413
29.760 1.70 10.402
29.770 2.90 10.420
29.780 2.14 10.405
29.790 1.00 10.422
29.800 -0.14 10.416
29.810 -0.22 10.493
29.820 -0.30 10.492
29.830 -0.38 10.429
29.840 -0.09 10.436
29.850 -0.54 10.406
29.860 -0.90 10.437
29.870 -1.26 10.461
29.880 -1.61 10.453
29.890 -1.97 10.428
29.900 -2.33 10.412
29.910 -2.36 10.520
29.920 -2.40 10.599
29.930 -2.55 10.572
29.940 -2.47 10.546
29.950 -2.50 10.445
29.960 -2.46 10.407
29.970 -2.54 10.407
29.980 -2.77 10.403
29.990 -2.86 10.440
30.000 -2.95 10.437
30.010 -2.88 10.431
30.020 -2.69 10.425
30.030 -2.39 10.454
30.040 -2.33 10.453
30.050 -2.58 10.420
30.060 -2.40 10.550
30.070 -2.59 10.548
30.080 -2.53 10.564
30.090 -2.28 10.555
30.100 -1.70 10.551
30.110 -1.61 10.408
30.120 -1.07 10.425
30.130 -1.06 10.439
30.140 -1.32 10.467
30.150 -1.23 10.561
30.160 -1.20 10.593
30.170 -1.05 10.566
30.180 0.08 10.583
30.190 1.23 10.505
30.200 1.85 10.415
30.210 1.90 10.417
30.220 0.88 10.451
30.230 0.40 10.550
30.240 -0.19 10.592
30.250 -0.57 10.586
30.260 -0.69 10.563
30.270 -0.44 10.567
30.280 0.29 10.590
30.290 0.57 10.505
30.300 0.96 10.408
30.310 2.06 10.420
30.320 1.48 10.423
30.330 -0.20 10.408
30.340 -1.28 10.425
30.350 -1.82 10.445
30.360 -1.84 10.471
30.370 -1.87 10.419
30.380 -1.47 10.431
30.390 -1.48 10.425
30.400 -1.94 10.417
30.410 -1.98 10.534
30.420 -2.37 10.550
30.430 -2.47 10.559
30.440 -2.12 10.585
30.450 -2.16 10.437
30.460 -1.58 10.405
30.470 -1.01 10.412
30.480 -1.08 10.417
30.490 -1.67 10.413
30.500 -2.19 10.429
30.510 -1.97 10.577
30.520 -2.12 10.560
30.530 -1.63 10.590
30.540 -1.29 10.516
30.550 -1.07 10.432
30.560 -0.90 10.423
30.570 -1.21 10.435
30.580 -1.84 10.430
30.590 -2.10 10.466
30.600 -2.36 10.423
30.610 -1.66 10.478
30.620 -0.95 10.428
30.630 0.29 10.409
30.640 1.51 10.422
30.650 1.70 10.416
30.660 1.78 10.423
30.670 1.42 10.417
30.680 0.49 10.409
30.690 -0.50 10.408
30.700 -0.91 10.432
30.710 -0.80 10.452
30.720 -0.59 10.411
30.730 0.39 10.427
30.740 0.54 10.422
30.750 -0.35 10.410
30.760 -0.38 10.528
30.770 -0.90 10.575
30.780 -1.03 10.592
30.790 -0.47 10.587
30.800 -0.50 10.430
30.810 1.04 10.417
30.820 1.74 10.417
30.830 0.58 10.406
30.840 -0.87 10.433
30.850 -2.01 10.448
30.860 -2.01 10.593
30.870 -2.43 10.562
30.880 -2.13 10.591
30.890 -2.01 10.512
30.900 -2.01 10.419
30.910 -1.99 10.412
30.920 -2.20 10.451
30.930 -2.30 10.546
30.940 -2.50 10.577
30.950 -2.49 10.567
30.960 -2.19 10.520
30.970 -1.89 10.404
30.980 -1.00 10.401
30.990 -0.40 10.431
31.000 -0.99 10.419
